CmService.dll,821776,3,2834635524,2059-10-29T06:45:24.000Z,imports,api-ms-win-crt-runtime-l1-1-0.dll,_initterm,55d6341a029ba97a072a69f4f73e930c,21275c87e78b361a5ce18aae959de6f5fb10433b66e0136ecaa786ea2bbbe248,c:\Windows\WinSxS\amd64_microsoft-windows-container-manager_31bf3856ad364e35_10.0.18362.387_none_e88ebff76f5fcdb6\CmService.dll
CmService.dll,821776,3,2834635524,2059-10-29T06:45:24.000Z,imports,api-ms-win-crt-runtime-l1-1-0.dll,_initterm_e,55d6341a029ba97a072a69f4f73e930c,21275c87e78b361a5ce18aae959de6f5fb10433b66e0136ecaa786ea2bbbe248,c:\Windows\WinSxS\amd64_microsoft-windows-container-manager_31bf3856ad364e35_10.0.18362.387_none_e88ebff76f5fcdb6\CmService.dll
CmService.dll,821776,3,2834635524,2059-10-29T06:45:24.000Z,imports,api-ms-win-crt-string-l1-1-0.dll,memset,55d6341a029ba97a072a69f4f73e930c,21275c87e78b361a5ce18aae959de6f5fb10433b66e0136ecaa786ea2bbbe248,c:\Windows\WinSxS\amd64_microsoft-windows-container-manager_31bf3856ad364e35_10.0.18362.387_none_e88ebff76f5fcdb6\CmService.dll
CmService.dll,821776,3,2834635524,2059-10-29T06:45:24.000Z,imports,api-ms-win-crt-string-l1-1-0.dll,wcscmp,55d6341a029ba97a072a69f4f73e930c,21275c87e78b361a5ce18aae959de6f5fb10433b66e0136ecaa786ea2bbbe248,c:\Windows\WinSxS\amd64_microsoft-windows-container-manager_31bf3856ad364e35_10.0.18362.387_none_e88ebff76f5fcdb6\CmService.dll
CmService.dll,821776,3,2834635524,2059-10-29T06:45:24.000Z,imports,api-ms-win-crt-string-l1-1-0.dll,wcsncmp,55d6341a029ba97a072a69f4f73e930c,21275c87e78b361a5ce18aae959de6f5fb10433b66e0136ecaa786ea2bbbe248,c:\Windows\WinSxS\amd64_microsoft-windows-container-manager_31bf3856ad364e35_10.0.18362.387_none_e88ebff76f5fcdb6\CmService.dll
CmService.dll,821776,3,2834635524,2059-10-29T06:45:24.000Z,imports,api-ms-win-crt-private-l1-1-0.dll,_CxxThrowException,55d6341a029ba97a072a69f4f73e930c,21275c87e78b361a5ce18aae959de6f5fb10433b66e0136ecaa786ea2bbbe248,c:\Windows\WinSxS\amd64_microsoft-windows-container-manager_31bf3856ad364e35_10.0.18362.387_none_e88ebff76f5fcdb6\CmService.dll
CmService.dll,821776,3,2834635524,2059-10-29T06:45:24.000Z,imports,api-ms-win-crt-private-l1-1-0.dll,__C_specific_handler,55d6341a029ba97a072a69f4f73e930c,21275c87e78b361a5ce18aae959de6f5fb10433b66e0136ecaa786ea2bbbe248,c:\Windows\WinSxS\amd64_microsoft-windows-container-manager_31bf3856ad364e35_10.0.18362.387_none_e88ebff76f5fcdb6\CmService.dll
CmService.dll,821776,3,2834635524,2059-10-29T06:45:24.000Z,imports,api-ms-win-crt-private-l1-1-0.dll,__CxxFrameHandler3,55d6341a029ba97a072a69f4f73e930c,21275c87e78b361a5ce18aae959de6f5fb10433b66e0136ecaa786ea2bbbe248,c:\Windows\WinSxS\amd64_microsoft-windows-container-manager_31bf3856ad364e35_10.0.18362.387_none_e88ebff76f5fcdb6\CmService.dll
CmService.dll,821776,3,2834635524,2059-10-29T06:45:24.000Z,imports,api-ms-win-crt-private-l1-1-0.dll,__std_terminate,55d6341a029ba97a072a69f4f73e930c,21275c87e78b361a5ce18aae959de6f5fb10433b66e0136ecaa786ea2bbbe248,c:\Windows\WinSxS\amd64_microsoft-windows-container-manager_31bf3856ad364e35_10.0.18362.387_none_e88ebff76f5fcdb6\CmService.dll
CmService.dll,821776,3,2834635524,2059-10-29T06:45:24.000Z,imports,api-ms-win-crt-private-l1-1-0.dll,_o___std_exception_copy,55d6341a029ba97a072a69f4f73e930c,21275c87e78b361a5ce18aae959de6f5fb10433b66e0136ecaa786ea2bbbe248,c:\Windows\WinSxS\amd64_microsoft-windows-container-manager_31bf3856ad364e35_10.0.18362.387_none_e88ebff76f5fcdb6\CmService.dll
CmService.dll,821776,3,2834635524,2059-10-29T06:45:24.000Z,imports,api-ms-win-crt-private-l1-1-0.dll,_o___std_exception_destroy,55d6341a029ba97a072a69f4f73e930c,21275c87e78b361a5ce18aae959de6f5fb10433b66e0136ecaa786ea2bbbe248,c:\Windows\WinSxS\amd64_microsoft-windows-container-manager_31bf3856ad364e35_10.0.18362.387_none_e88ebff76f5fcdb6\CmService.dll
CmService.dll,821776,3,2834635524,2059-10-29T06:45:24.000Z,imports,api-ms-win-crt-private-l1-1-0.dll,_o___std_type_info_destroy_list,55d6341a029ba97a072a69f4f73e930c,21275c87e78b361a5ce18aae959de6f5fb10433b66e0136ecaa786ea2bbbe248,c:\Windows\WinSxS\amd64_microsoft-windows-container-manager_31bf3856ad364e35_10.0.18362.387_none_e88ebff76f5fcdb6\CmService.dll
CmService.dll,821776,3,2834635524,2059-10-29T06:45:24.000Z,imports,api-ms-win-crt-private-l1-1-0.dll,_o___stdio_common_vsnprintf_s,55d6341a029ba97a072a69f4f73e930c,21275c87e78b361a5ce18aae959de6f5fb10433b66e0136ecaa786ea2bbbe248,c:\Windows\WinSxS\amd64_microsoft-windows-container-manager_31bf3856ad364e35_10.0.18362.387_none_e88ebff76f5fcdb6\CmService.dll
CmService.dll,821776,3,2834635524,2059-10-29T06:45:24.000Z,imports,api-ms-win-crt-private-l1-1-0.dll,_o___stdio_common_vsnwprintf_s,55d6341a029ba97a072a69f4f73e930c,21275c87e78b361a5ce18aae959de6f5fb10433b66e0136ecaa786ea2bbbe248,c:\Windows\WinSxS\amd64_microsoft-windows-container-manager_31bf3856ad364e35_10.0.18362.387_none_e88ebff76f5fcdb6\CmService.dll
CmService.dll,821776,3,2834635524,2059-10-29T06:45:24.000Z,imports,api-ms-win-crt-private-l1-1-0.dll,_o___stdio_common_vswprintf,55d6341a029ba97a072a69f4f73e930c,21275c87e78b361a5ce18aae959de6f5fb10433b66e0136ecaa786ea2bbbe248,c:\Windows\WinSxS\amd64_microsoft-windows-container-manager_31bf3856ad364e35_10.0.18362.387_none_e88ebff76f5fcdb6\CmService.dll
CmService.dll,821776,3,2834635524,2059-10-29T06:45:24.000Z,imports,api-ms-win-crt-private-l1-1-0.dll,_o___stdio_common_vswprintf_s,55d6341a029ba97a072a69f4f73e930c,21275c87e78b361a5ce18aae959de6f5fb10433b66e0136ecaa786ea2bbbe248,c:\Windows\WinSxS\amd64_microsoft-windows-container-manager_31bf3856ad364e35_10.0.18362.387_none_e88ebff76f5fcdb6\CmService.dll
CmService.dll,821776,3,2834635524,2059-10-29T06:45:24.000Z,imports,api-ms-win-crt-private-l1-1-0.dll,_o__callnewh,55d6341a029ba97a072a69f4f73e930c,21275c87e78b361a5ce18aae959de6f5fb10433b66e0136ecaa786ea2bbbe248,c:\Windows\WinSxS\amd64_microsoft-windows-container-manager_31bf3856ad364e35_10.0.18362.387_none_e88ebff76f5fcdb6\CmService.dll
CmService.dll,821776,3,2834635524,2059-10-29T06:45:24.000Z,imports,api-ms-win-crt-private-l1-1-0.dll,_o__cexit,55d6341a029ba97a072a69f4f73e930c,21275c87e78b361a5ce18aae959de6f5fb10433b66e0136ecaa786ea2bbbe248,c:\Windows\WinSxS\amd64_microsoft-windows-container-manager_31bf3856ad364e35_10.0.18362.387_none_e88ebff76f5fcdb6\CmService.dll
CmService.dll,821776,3,2834635524,2059-10-29T06:45:24.000Z,imports,api-ms-win-crt-private-l1-1-0.dll,_o__configure_narrow_argv,55d6341a029ba97a072a69f4f73e930c,21275c87e78b361a5ce18aae959de6f5fb10433b66e0136ecaa786ea2bbbe248,c:\Windows\WinSxS\amd64_microsoft-windows-container-manager_31bf3856ad364e35_10.0.18362.387_none_e88ebff76f5fcdb6\CmService.dll
CmService.dll,821776,3,2834635524,2059-10-29T06:45:24.000Z,imports,api-ms-win-crt-private-l1-1-0.dll,_o__crt_atexit,55d6341a029ba97a072a69f4f73e930c,21275c87e78b361a5ce18aae959de6f5fb10433b66e0136ecaa786ea2bbbe248,c:\Windows\WinSxS\amd64_microsoft-windows-container-manager_31bf3856ad364e35_10.0.18362.387_none_e88ebff76f5fcdb6\CmService.dll
CmService.dll,821776,3,2834635524,2059-10-29T06:45:24.000Z,imports,api-ms-win-crt-private-l1-1-0.dll,_o__errno,55d6341a029ba97a072a69f4f73e930c,21275c87e78b361a5ce18aae959de6f5fb10433b66e0136ecaa786ea2bbbe248,c:\Windows\WinSxS\amd64_microsoft-windows-container-manager_31bf3856ad364e35_10.0.18362.387_none_e88ebff76f5fcdb6\CmService.dll
CmService.dll,821776,3,2834635524,2059-10-29T06:45:24.000Z,imports,api-ms-win-crt-private-l1-1-0.dll,_o__execute_onexit_table,55d6341a029ba97a072a69f4f73e930c,21275c87e78b361a5ce18aae959de6f5fb10433b66e0136ecaa786ea2bbbe248,c:\Windows\WinSxS\amd64_microsoft-windows-container-manager_31bf3856ad364e35_10.0.18362.387_none_e88ebff76f5fcdb6\CmService.dll
CmService.dll,821776,3,2834635524,2059-10-29T06:45:24.000Z,imports,api-ms-win-crt-private-l1-1-0.dll,_o__initialize_narrow_environment,55d6341a029ba97a072a69f4f73e930c,21275c87e78b361a5ce18aae959de6f5fb10433b66e0136ecaa786ea2bbbe248,c:\Windows\WinSxS\amd64_microsoft-windows-container-manager_31bf3856ad364e35_10.0.18362.387_none_e88ebff76f5fcdb6\CmService.dll
CmService.dll,821776,3,2834635524,2059-10-29T06:45:24.000Z,imports,api-ms-win-crt-private-l1-1-0.dll,_o__initialize_onexit_table,55d6341a029ba97a072a69f4f73e930c,21275c87e78b361a5ce18aae959de6f5fb10433b66e0136ecaa786ea2bbbe248,c:\Windows\WinSxS\amd64_microsoft-windows-container-manager_31bf3856ad364e35_10.0.18362.387_none_e88ebff76f5fcdb6\CmService.dll
CmService.dll,821776,3,2834635524,2059-10-29T06:45:24.000Z,imports,api-ms-win-crt-private-l1-1-0.dll,_o__invalid_parameter_noinfo,55d6341a029ba97a072a69f4f73e930c,21275c87e78b361a5ce18aae959de6f5fb10433b66e0136ecaa786ea2bbbe248,c:\Windows\WinSxS\amd64_microsoft-windows-container-manager_31bf3856ad364e35_10.0.18362.387_none_e88ebff76f5fcdb6\CmService.dll
CmService.dll,821776,3,2834635524,2059-10-29T06:45:24.000Z,imports,api-ms-win-crt-private-l1-1-0.dll,_o__invalid_parameter_noinfo_noreturn,55d6341a029ba97a072a69f4f73e930c,21275c87e78b361a5ce18aae959de6f5fb10433b66e0136ecaa786ea2bbbe248,c:\Windows\WinSxS\amd64_microsoft-windows-container-manager_31bf3856ad364e35_10.0.18362.387_none_e88ebff76f5fcdb6\CmService.dll
CmService.dll,821776,3,2834635524,2059-10-29T06:45:24.000Z,imports,api-ms-win-crt-private-l1-1-0.dll,_o__purecall,55d6341a029ba97a072a69f4f73e930c,21275c87e78b361a5ce18aae959de6f5fb10433b66e0136ecaa786ea2bbbe248,c:\Windows\WinSxS\amd64_microsoft-windows-container-manager_31bf3856ad364e35_10.0.18362.387_none_e88ebff76f5fcdb6\CmService.dll
CmService.dll,821776,3,2834635524,2059-10-29T06:45:24.000Z,imports,api-ms-win-crt-private-l1-1-0.dll,_o__register_onexit_function,55d6341a029ba97a072a69f4f73e930c,21275c87e78b361a5ce18aae959de6f5fb10433b66e0136ecaa786ea2bbbe248,c:\Windows\WinSxS\amd64_microsoft-windows-container-manager_31bf3856ad364e35_10.0.18362.387_none_e88ebff76f5fcdb6\CmService.dll
CmService.dll,821776,3,2834635524,2059-10-29T06:45:24.000Z,imports,api-ms-win-crt-private-l1-1-0.dll,_o__seh_filter_dll,55d6341a029ba97a072a69f4f73e930c,21275c87e78b361a5ce18aae959de6f5fb10433b66e0136ecaa786ea2bbbe248,c:\Windows\WinSxS\amd64_microsoft-windows-container-manager_31bf3856ad364e35_10.0.18362.387_none_e88ebff76f5fcdb6\CmService.dll
CmService.dll,821776,3,2834635524,2059-10-29T06:45:24.000Z,imports,api-ms-win-crt-private-l1-1-0.dll,_o__ui64tow_s,55d6341a029ba97a072a69f4f73e930c,21275c87e78b361a5ce18aae959de6f5fb10433b66e0136ecaa786ea2bbbe248,c:\Windows\WinSxS\amd64_microsoft-windows-container-manager_31bf3856ad364e35_10.0.18362.387_none_e88ebff76f5fcdb6\CmService.dll
CmService.dll,821776,3,2834635524,2059-10-29T06:45:24.000Z,imports,api-ms-win-crt-private-l1-1-0.dll,_o__wcsnicmp,55d6341a029ba97a072a69f4f73e930c,21275c87e78b361a5ce18aae959de6f5fb10433b66e0136ecaa786ea2bbbe248,c:\Windows\WinSxS\amd64_microsoft-windows-container-manager_31bf3856ad364e35_10.0.18362.387_none_e88ebff76f5fcdb6\CmService.dll
CmService.dll,821776,3,2834635524,2059-10-29T06:45:24.000Z,imports,api-ms-win-crt-private-l1-1-0.dll,_o__wcstoui64,55d6341a029ba97a072a69f4f73e930c,21275c87e78b361a5ce18aae959de6f5fb10433b66e0136ecaa786ea2bbbe248,c:\Windows\WinSxS\amd64_microsoft-windows-container-manager_31bf3856ad364e35_10.0.18362.387_none_e88ebff76f5fcdb6\CmService.dll
CmService.dll,821776,3,2834635524,2059-10-29T06:45:24.000Z,imports,api-ms-win-crt-private-l1-1-0.dll,_o__wtoi,55d6341a029ba97a072a69f4f73e930c,21275c87e78b361a5ce18aae959de6f5fb10433b66e0136ecaa786ea2bbbe248,c:\Windows\WinSxS\amd64_microsoft-windows-container-manager_31bf3856ad364e35_10.0.18362.387_none_e88ebff76f5fcdb6\CmService.dll
CmService.dll,821776,3,2834635524,2059-10-29T06:45:24.000Z,imports,api-ms-win-crt-private-l1-1-0.dll,_o_calloc,55d6341a029ba97a072a69f4f73e930c,21275c87e78b361a5ce18aae959de6f5fb10433b66e0136ecaa786ea2bbbe248,c:\Windows\WinSxS\amd64_microsoft-windows-container-manager_31bf3856ad364e35_10.0.18362.387_none_e88ebff76f5fcdb6\CmService.dll
CmService.dll,821776,3,2834635524,2059-10-29T06:45:24.000Z,imports,api-ms-win-crt-private-l1-1-0.dll,_o_free,55d6341a029ba97a072a69f4f73e930c,21275c87e78b361a5ce18aae959de6f5fb10433b66e0136ecaa786ea2bbbe248,c:\Windows\WinSxS\amd64_microsoft-windows-container-manager_31bf3856ad364e35_10.0.18362.387_none_e88ebff76f5fcdb6\CmService.dll
CmService.dll,821776,3,2834635524,2059-10-29T06:45:24.000Z,imports,api-ms-win-crt-private-l1-1-0.dll,_o_iswxdigit,55d6341a029ba97a072a69f4f73e930c,21275c87e78b361a5ce18aae959de6f5fb10433b66e0136ecaa786ea2bbbe248,c:\Windows\WinSxS\amd64_microsoft-windows-container-manager_31bf3856ad364e35_10.0.18362.387_none_e88ebff76f5fcdb6\CmService.dll
CmService.dll,821776,3,2834635524,2059-10-29T06:45:24.000Z,imports,api-ms-win-crt-private-l1-1-0.dll,_o_malloc,55d6341a029ba97a072a69f4f73e930c,21275c87e78b361a5ce18aae959de6f5fb10433b66e0136ecaa786ea2bbbe248,c:\Windows\WinSxS\amd64_microsoft-windows-container-manager_31bf3856ad364e35_10.0.18362.387_none_e88ebff76f5fcdb6\CmService.dll
CmService.dll,821776,3,2834635524,2059-10-29T06:45:24.000Z,imports,api-ms-win-crt-private-l1-1-0.dll,_o_srand,55d6341a029ba97a072a69f4f73e930c,21275c87e78b361a5ce18aae959de6f5fb10433b66e0136ecaa786ea2bbbe248,c:\Windows\WinSxS\amd64_microsoft-windows-container-manager_31bf3856ad364e35_10.0.18362.387_none_e88ebff76f5fcdb6\CmService.dll
CmService.dll,821776,3,2834635524,2059-10-29T06:45:24.000Z,imports,api-ms-win-crt-private-l1-1-0.dll,_o_terminate,55d6341a029ba97a072a69f4f73e930c,21275c87e78b361a5ce18aae959de6f5fb10433b66e0136ecaa786ea2bbbe248,c:\Windows\WinSxS\amd64_microsoft-windows-container-manager_31bf3856ad364e35_10.0.18362.387_none_e88ebff76f5fcdb6\CmService.dll
CmService.dll,821776,3,2834635524,2059-10-29T06:45:24.000Z,imports,api-ms-win-crt-private-l1-1-0.dll,_o_wcscpy_s,55d6341a029ba97a072a69f4f73e930c,21275c87e78b361a5ce18aae959de6f5fb10433b66e0136ecaa786ea2bbbe248,c:\Windows\WinSxS\amd64_microsoft-windows-container-manager_31bf3856ad364e35_10.0.18362.387_none_e88ebff76f5fcdb6\CmService.dll
CmService.dll,821776,3,2834635524,2059-10-29T06:45:24.000Z,imports,api-ms-win-crt-private-l1-1-0.dll,_o_wcsncat_s,55d6341a029ba97a072a69f4f73e930c,21275c87e78b361a5ce18aae959de6f5fb10433b66e0136ecaa786ea2bbbe248,c:\Windows\WinSxS\amd64_microsoft-windows-container-manager_31bf3856ad364e35_10.0.18362.387_none_e88ebff76f5fcdb6\CmService.dll
CmService.dll,821776,3,2834635524,2059-10-29T06:45:24.000Z,imports,api-ms-win-crt-private-l1-1-0.dll,_o_wcsncpy_s,55d6341a029ba97a072a69f4f73e930c,21275c87e78b361a5ce18aae959de6f5fb10433b66e0136ecaa786ea2bbbe248,c:\Windows\WinSxS\amd64_microsoft-windows-container-manager_31bf3856ad364e35_10.0.18362.387_none_e88ebff76f5fcdb6\CmService.dll
CmService.dll,821776,3,2834635524,2059-10-29T06:45:24.000Z,imports,api-ms-win-crt-private-l1-1-0.dll,_o_wcstod,55d6341a029ba97a072a69f4f73e930c,21275c87e78b361a5ce18aae959de6f5fb10433b66e0136ecaa786ea2bbbe248,c:\Windows\WinSxS\amd64_microsoft-windows-container-manager_31bf3856ad364e35_10.0.18362.387_none_e88ebff76f5fcdb6\CmService.dll
CmService.dll,821776,3,2834635524,2059-10-29T06:45:24.000Z,imports,api-ms-win-crt-private-l1-1-0.dll,memcmp,55d6341a029ba97a072a69f4f73e930c,21275c87e78b361a5ce18aae959de6f5fb10433b66e0136ecaa786ea2bbbe248,c:\Windows\WinSxS\amd64_microsoft-windows-container-manager_31bf3856ad364e35_10.0.18362.387_none_e88ebff76f5fcdb6\CmService.dll
CmService.dll,821776,3,2834635524,2059-10-29T06:45:24.000Z,imports,api-ms-win-crt-private-l1-1-0.dll,memcpy,55d6341a029ba97a072a69f4f73e930c,21275c87e78b361a5ce18aae959de6f5fb10433b66e0136ecaa786ea2bbbe248,c:\Windows\WinSxS\amd64_microsoft-windows-container-manager_31bf3856ad364e35_10.0.18362.387_none_e88ebff76f5fcdb6\CmService.dll
CmService.dll,821776,3,2834635524,2059-10-29T06:45:24.000Z,imports,api-ms-win-crt-private-l1-1-0.dll,memmove,55d6341a029ba97a072a69f4f73e930c,21275c87e78b361a5ce18aae959de6f5fb10433b66e0136ecaa786ea2bbbe248,c:\Windows\WinSxS\amd64_microsoft-windows-container-manager_31bf3856ad364e35_10.0.18362.387_none_e88ebff76f5fcdb6\CmService.dll
CmService.dll,821776,3,2834635524,2059-10-29T06:45:24.000Z,imports,ntdll.dll,NtClose,55d6341a029ba97a072a69f4f73e930c,21275c87e78b361a5ce18aae959de6f5fb10433b66e0136ecaa786ea2bbbe248,c:\Windows\WinSxS\amd64_microsoft-windows-container-manager_31bf3856ad364e35_10.0.18362.387_none_e88ebff76f5fcdb6\CmService.dll
CmService.dll,821776,3,2834635524,2059-10-29T06:45:24.000Z,imports,ntdll.dll,NtCommitRegistryTransaction,55d6341a029ba97a072a69f4f73e930c,21275c87e78b361a5ce18aae959de6f5fb10433b66e0136ecaa786ea2bbbe248,c:\Windows\WinSxS\amd64_microsoft-windows-container-manager_31bf3856ad364e35_10.0.18362.387_none_e88ebff76f5fcdb6\CmService.dll
CmService.dll,821776,3,2834635524,2059-10-29T06:45:24.000Z,imports,ntdll.dll,NtCreateRegistryTransaction,55d6341a029ba97a072a69f4f73e930c,21275c87e78b361a5ce18aae959de6f5fb10433b66e0136ecaa786ea2bbbe248,c:\Windows\WinSxS\amd64_microsoft-windows-container-manager_31bf3856ad364e35_10.0.18362.387_none_e88ebff76f5fcdb6\CmService.dll
CmService.dll,821776,3,2834635524,2059-10-29T06:45:24.000Z,imports,ntdll.dll,NtOpenFile,55d6341a029ba97a072a69f4f73e930c,21275c87e78b361a5ce18aae959de6f5fb10433b66e0136ecaa786ea2bbbe248,c:\Windows\WinSxS\amd64_microsoft-windows-container-manager_31bf3856ad364e35_10.0.18362.387_none_e88ebff76f5fcdb6\CmService.dll
CmService.dll,821776,3,2834635524,2059-10-29T06:45:24.000Z,imports,ntdll.dll,NtQueryWnfStateData,55d6341a029ba97a072a69f4f73e930c,21275c87e78b361a5ce18aae959de6f5fb10433b66e0136ecaa786ea2bbbe248,c:\Windows\WinSxS\amd64_microsoft-windows-container-manager_31bf3856ad364e35_10.0.18362.387_none_e88ebff76f5fcdb6\CmService.dll
CmService.dll,821776,3,2834635524,2059-10-29T06:45:24.000Z,imports,ntdll.dll,NtRollbackRegistryTransaction,55d6341a029ba97a072a69f4f73e930c,21275c87e78b361a5ce18aae959de6f5fb10433b66e0136ecaa786ea2bbbe248,c:\Windows\WinSxS\amd64_microsoft-windows-container-manager_31bf3856ad364e35_10.0.18362.387_none_e88ebff76f5fcdb6\CmService.dll
CmService.dll,821776,3,2834635524,2059-10-29T06:45:24.000Z,imports,ntdll.dll,NtSetInformationFile,55d6341a029ba97a072a69f4f73e930c,21275c87e78b361a5ce18aae959de6f5fb10433b66e0136ecaa786ea2bbbe248,c:\Windows\WinSxS\amd64_microsoft-windows-container-manager_31bf3856ad364e35_10.0.18362.387_none_e88ebff76f5fcdb6\CmService.dll
CmService.dll,821776,3,2834635524,2059-10-29T06:45:24.000Z,imports,ntdll.dll,NtSetInformationJobObject,55d6341a029ba97a072a69f4f73e930c,21275c87e78b361a5ce18aae959de6f5fb10433b66e0136ecaa786ea2bbbe248,c:\Windows\WinSxS\amd64_microsoft-windows-container-manager_31bf3856ad364e35_10.0.18362.387_none_e88ebff76f5fcdb6\CmService.dll
CmService.dll,821776,3,2834635524,2059-10-29T06:45:24.000Z,imports,ntdll.dll,NtTerminateProcess,55d6341a029ba97a072a69f4f73e930c,21275c87e78b361a5ce18aae959de6f5fb10433b66e0136ecaa786ea2bbbe248,c:\Windows\WinSxS\amd64_microsoft-windows-container-manager_31bf3856ad364e35_10.0.18362.387_none_e88ebff76f5fcdb6\CmService.dll
CmService.dll,821776,3,2834635524,2059-10-29T06:45:24.000Z,imports,ntdll.dll,RtlAcquirePrivilege,55d6341a029ba97a072a69f4f73e930c,21275c87e78b361a5ce18aae959de6f5fb10433b66e0136ecaa786ea2bbbe248,c:\Windows\WinSxS\amd64_microsoft-windows-container-manager_31bf3856ad364e35_10.0.18362.387_none_e88ebff76f5fcdb6\CmService.dll
CmService.dll,821776,3,2834635524,2059-10-29T06:45:24.000Z,imports,ntdll.dll,RtlCaptureContext,55d6341a029ba97a072a69f4f73e930c,21275c87e78b361a5ce18aae959de6f5fb10433b66e0136ecaa786ea2bbbe248,c:\Windows\WinSxS\amd64_microsoft-windows-container-manager_31bf3856ad364e35_10.0.18362.387_none_e88ebff76f5fcdb6\CmService.dll
CmService.dll,821776,3,2834635524,2059-10-29T06:45:24.000Z,imports,ntdll.dll,RtlClearAllBits,55d6341a029ba97a072a69f4f73e930c,21275c87e78b361a5ce18aae959de6f5fb10433b66e0136ecaa786ea2bbbe248,c:\Windows\WinSxS\amd64_microsoft-windows-container-manager_31bf3856ad364e35_10.0.18362.387_none_e88ebff76f5fcdb6\CmService.dll
CmService.dll,821776,3,2834635524,2059-10-29T06:45:24.000Z,imports,ntdll.dll,RtlClearBit,55d6341a029ba97a072a69f4f73e930c,21275c87e78b361a5ce18aae959de6f5fb10433b66e0136ecaa786ea2bbbe248,c:\Windows\WinSxS\amd64_microsoft-windows-container-manager_31bf3856ad364e35_10.0.18362.387_none_e88ebff76f5fcdb6\CmService.dll
CmService.dll,821776,3,2834635524,2059-10-29T06:45:24.000Z,imports,ntdll.dll,RtlDoesFileExists_U,55d6341a029ba97a072a69f4f73e930c,21275c87e78b361a5ce18aae959de6f5fb10433b66e0136ecaa786ea2bbbe248,c:\Windows\WinSxS\amd64_microsoft-windows-container-manager_31bf3856ad364e35_10.0.18362.387_none_e88ebff76f5fcdb6\CmService.dll
CmService.dll,821776,3,2834635524,2059-10-29T06:45:24.000Z,imports,ntdll.dll,RtlDosPathNameToNtPathName_U_WithStatus,55d6341a029ba97a072a69f4f73e930c,21275c87e78b361a5ce18aae959de6f5fb10433b66e0136ecaa786ea2bbbe248,c:\Windows\WinSxS\amd64_microsoft-windows-container-manager_31bf3856ad364e35_10.0.18362.387_none_e88ebff76f5fcdb6\CmService.dll
CmService.dll,821776,3,2834635524,2059-10-29T06:45:24.000Z,imports,ntdll.dll,RtlFindClearBitsAndSet,55d6341a029ba97a072a69f4f73e930c,21275c87e78b361a5ce18aae959de6f5fb10433b66e0136ecaa786ea2bbbe248,c:\Windows\WinSxS\amd64_microsoft-windows-container-manager_31bf3856ad364e35_10.0.18362.387_none_e88ebff76f5fcdb6\CmService.dll
CmService.dll,821776,3,2834635524,2059-10-29T06:45:24.000Z,imports,ntdll.dll,RtlFreeUnicodeString,55d6341a029ba97a072a69f4f73e930c,21275c87e78b361a5ce18aae959de6f5fb10433b66e0136ecaa786ea2bbbe248,c:\Windows\WinSxS\amd64_microsoft-windows-container-manager_31bf3856ad364e35_10.0.18362.387_none_e88ebff76f5fcdb6\CmService.dll
CmService.dll,821776,3,2834635524,2059-10-29T06:45:24.000Z,imports,ntdll.dll,RtlGetNtSystemRoot,55d6341a029ba97a072a69f4f73e930c,21275c87e78b361a5ce18aae959de6f5fb10433b66e0136ecaa786ea2bbbe248,c:\Windows\WinSxS\amd64_microsoft-windows-container-manager_31bf3856ad364e35_10.0.18362.387_none_e88ebff76f5fcdb6\CmService.dll
CmService.dll,821776,3,2834635524,2059-10-29T06:45:24.000Z,imports,ntdll.dll,RtlInitializeBitMap,55d6341a029ba97a072a69f4f73e930c,21275c87e78b361a5ce18aae959de6f5fb10433b66e0136ecaa786ea2bbbe248,c:\Windows\WinSxS\amd64_microsoft-windows-container-manager_31bf3856ad364e35_10.0.18362.387_none_e88ebff76f5fcdb6\CmService.dll
CmService.dll,821776,3,2834635524,2059-10-29T06:45:24.000Z,imports,ntdll.dll,RtlLookupFunctionEntry,55d6341a029ba97a072a69f4f73e930c,21275c87e78b361a5ce18aae959de6f5fb10433b66e0136ecaa786ea2bbbe248,c:\Windows\WinSxS\amd64_microsoft-windows-container-manager_31bf3856ad364e35_10.0.18362.387_none_e88ebff76f5fcdb6\CmService.dll
CmService.dll,821776,3,2834635524,2059-10-29T06:45:24.000Z,imports,ntdll.dll,RtlNtStatusToDosError,55d6341a029ba97a072a69f4f73e930c,21275c87e78b361a5ce18aae959de6f5fb10433b66e0136ecaa786ea2bbbe248,c:\Windows\WinSxS\amd64_microsoft-windows-container-manager_31bf3856ad364e35_10.0.18362.387_none_e88ebff76f5fcdb6\CmService.dll
CmService.dll,821776,3,2834635524,2059-10-29T06:45:24.000Z,imports,ntdll.dll,RtlPublishWnfStateData,55d6341a029ba97a072a69f4f73e930c,21275c87e78b361a5ce18aae959de6f5fb10433b66e0136ecaa786ea2bbbe248,c:\Windows\WinSxS\amd64_microsoft-windows-container-manager_31bf3856ad364e35_10.0.18362.387_none_e88ebff76f5fcdb6\CmService.dll
CmService.dll,821776,3,2834635524,2059-10-29T06:45:24.000Z,imports,ntdll.dll,RtlReleasePrivilege,55d6341a029ba97a072a69f4f73e930c,21275c87e78b361a5ce18aae959de6f5fb10433b66e0136ecaa786ea2bbbe248,c:\Windows\WinSxS\amd64_microsoft-windows-container-manager_31bf3856ad364e35_10.0.18362.387_none_e88ebff76f5fcdb6\CmService.dll
CmService.dll,821776,3,2834635524,2059-10-29T06:45:24.000Z,imports,ntdll.dll,RtlSetBits,55d6341a029ba97a072a69f4f73e930c,21275c87e78b361a5ce18aae959de6f5fb10433b66e0136ecaa786ea2bbbe248,c:\Windows\WinSxS\amd64_microsoft-windows-container-manager_31bf3856ad364e35_10.0.18362.387_none_e88ebff76f5fcdb6\CmService.dll
CmService.dll,821776,3,2834635524,2059-10-29T06:45:24.000Z,imports,ntdll.dll,RtlSubscribeWnfStateChangeNotification,55d6341a029ba97a072a69f4f73e930c,21275c87e78b361a5ce18aae959de6f5fb10433b66e0136ecaa786ea2bbbe248,c:\Windows\WinSxS\amd64_microsoft-windows-container-manager_31bf3856ad364e35_10.0.18362.387_none_e88ebff76f5fcdb6\CmService.dll
CmService.dll,821776,3,2834635524,2059-10-29T06:45:24.000Z,imports,ntdll.dll,RtlUnsubscribeWnfNotificationWaitForCompletion,55d6341a029ba97a072a69f4f73e930c,21275c87e78b361a5ce18aae959de6f5fb10433b66e0136ecaa786ea2bbbe248,c:\Windows\WinSxS\amd64_microsoft-windows-container-manager_31bf3856ad364e35_10.0.18362.387_none_e88ebff76f5fcdb6\CmService.dll
CmService.dll,821776,3,2834635524,2059-10-29T06:45:24.000Z,imports,ntdll.dll,RtlVirtualUnwind,55d6341a029ba97a072a69f4f73e930c,21275c87e78b361a5ce18aae959de6f5fb10433b66e0136ecaa786ea2bbbe248,c:\Windows\WinSxS\amd64_microsoft-windows-container-manager_31bf3856ad364e35_10.0.18362.387_none_e88ebff76f5fcdb6\CmService.dll
CmService.dll,821776,3,2834635524,2059-10-29T06:45:24.000Z,imports,ntdll.dll,RtlWaitForWnfMetaNotification,55d6341a029ba97a072a69f4f73e930c,21275c87e78b361a5ce18aae959de6f5fb10433b66e0136ecaa786ea2bbbe248,c:\Windows\WinSxS\amd64_microsoft-windows-container-manager_31bf3856ad364e35_10.0.18362.387_none_e88ebff76f5fcdb6\CmService.dll
CmService.dll,821776,3,2834635524,2059-10-29T06:45:24.000Z,imports,api-ms-win-eventing-provider-l1-1-0.dll,EventActivityIdControl,55d6341a029ba97a072a69f4f73e930c,21275c87e78b361a5ce18aae959de6f5fb10433b66e0136ecaa786ea2bbbe248,c:\Windows\WinSxS\amd64_microsoft-windows-container-manager_31bf3856ad364e35_10.0.18362.387_none_e88ebff76f5fcdb6\CmService.dll
CmService.dll,821776,3,2834635524,2059-10-29T06:45:24.000Z,imports,api-ms-win-eventing-provider-l1-1-0.dll,EventRegister,55d6341a029ba97a072a69f4f73e930c,21275c87e78b361a5ce18aae959de6f5fb10433b66e0136ecaa786ea2bbbe248,c:\Windows\WinSxS\amd64_microsoft-windows-container-manager_31bf3856ad364e35_10.0.18362.387_none_e88ebff76f5fcdb6\CmService.dll
CmService.dll,821776,3,2834635524,2059-10-29T06:45:24.000Z,imports,api-ms-win-eventing-provider-l1-1-0.dll,EventSetInformation,55d6341a029ba97a072a69f4f73e930c,21275c87e78b361a5ce18aae959de6f5fb10433b66e0136ecaa786ea2bbbe248,c:\Windows\WinSxS\amd64_microsoft-windows-container-manager_31bf3856ad364e35_10.0.18362.387_none_e88ebff76f5fcdb6\CmService.dll
CmService.dll,821776,3,2834635524,2059-10-29T06:45:24.000Z,imports,api-ms-win-eventing-provider-l1-1-0.dll,EventUnregister,55d6341a029ba97a072a69f4f73e930c,21275c87e78b361a5ce18aae959de6f5fb10433b66e0136ecaa786ea2bbbe248,c:\Windows\WinSxS\amd64_microsoft-windows-container-manager_31bf3856ad364e35_10.0.18362.387_none_e88ebff76f5fcdb6\CmService.dll
CmService.dll,821776,3,2834635524,2059-10-29T06:45:24.000Z,imports,api-ms-win-eventing-provider-l1-1-0.dll,EventWriteTransfer,55d6341a029ba97a072a69f4f73e930c,21275c87e78b361a5ce18aae959de6f5fb10433b66e0136ecaa786ea2bbbe248,c:\Windows\WinSxS\amd64_microsoft-windows-container-manager_31bf3856ad364e35_10.0.18362.387_none_e88ebff76f5fcdb6\CmService.dll
CmService.dll,821776,3,2834635524,2059-10-29T06:45:24.000Z,imports,api-ms-win-core-libraryloader-l1-2-0.dll,DisableThreadLibraryCalls,55d6341a029ba97a072a69f4f73e930c,21275c87e78b361a5ce18aae959de6f5fb10433b66e0136ecaa786ea2bbbe248,c:\Windows\WinSxS\amd64_microsoft-windows-container-manager_31bf3856ad364e35_10.0.18362.387_none_e88ebff76f5fcdb6\CmService.dll
CmService.dll,821776,3,2834635524,2059-10-29T06:45:24.000Z,imports,api-ms-win-core-libraryloader-l1-2-0.dll,FreeLibrary,55d6341a029ba97a072a69f4f73e930c,21275c87e78b361a5ce18aae959de6f5fb10433b66e0136ecaa786ea2bbbe248,c:\Windows\WinSxS\amd64_microsoft-windows-container-manager_31bf3856ad364e35_10.0.18362.387_none_e88ebff76f5fcdb6\CmService.dll
CmService.dll,821776,3,2834635524,2059-10-29T06:45:24.000Z,imports,api-ms-win-core-libraryloader-l1-2-0.dll,GetModuleFileNameA,55d6341a029ba97a072a69f4f73e930c,21275c87e78b361a5ce18aae959de6f5fb10433b66e0136ecaa786ea2bbbe248,c:\Windows\WinSxS\amd64_microsoft-windows-container-manager_31bf3856ad364e35_10.0.18362.387_none_e88ebff76f5fcdb6\CmService.dll
CmService.dll,821776,3,2834635524,2059-10-29T06:45:24.000Z,imports,api-ms-win-core-libraryloader-l1-2-0.dll,GetModuleHandleExW,55d6341a029ba97a072a69f4f73e930c,21275c87e78b361a5ce18aae959de6f5fb10433b66e0136ecaa786ea2bbbe248,c:\Windows\WinSxS\amd64_microsoft-windows-container-manager_31bf3856ad364e35_10.0.18362.387_none_e88ebff76f5fcdb6\CmService.dll
CmService.dll,821776,3,2834635524,2059-10-29T06:45:24.000Z,imports,api-ms-win-core-libraryloader-l1-2-0.dll,GetModuleHandleW,55d6341a029ba97a072a69f4f73e930c,21275c87e78b361a5ce18aae959de6f5fb10433b66e0136ecaa786ea2bbbe248,c:\Windows\WinSxS\amd64_microsoft-windows-container-manager_31bf3856ad364e35_10.0.18362.387_none_e88ebff76f5fcdb6\CmService.dll
CmService.dll,821776,3,2834635524,2059-10-29T06:45:24.000Z,imports,api-ms-win-core-libraryloader-l1-2-0.dll,GetProcAddress,55d6341a029ba97a072a69f4f73e930c,21275c87e78b361a5ce18aae959de6f5fb10433b66e0136ecaa786ea2bbbe248,c:\Windows\WinSxS\amd64_microsoft-windows-container-manager_31bf3856ad364e35_10.0.18362.387_none_e88ebff76f5fcdb6\CmService.dll
CmService.dll,821776,3,2834635524,2059-10-29T06:45:24.000Z,imports,api-ms-win-core-libraryloader-l1-2-0.dll,LoadLibraryExA,55d6341a029ba97a072a69f4f73e930c,21275c87e78b361a5ce18aae959de6f5fb10433b66e0136ecaa786ea2bbbe248,c:\Windows\WinSxS\amd64_microsoft-windows-container-manager_31bf3856ad364e35_10.0.18362.387_none_e88ebff76f5fcdb6\CmService.dll
CmService.dll,821776,3,2834635524,2059-10-29T06:45:24.000Z,imports,api-ms-win-core-threadpool-l1-2-0.dll,CallbackMayRunLong,55d6341a029ba97a072a69f4f73e930c,21275c87e78b361a5ce18aae959de6f5fb10433b66e0136ecaa786ea2bbbe248,c:\Windows\WinSxS\amd64_microsoft-windows-container-manager_31bf3856ad364e35_10.0.18362.387_none_e88ebff76f5fcdb6\CmService.dll
CmService.dll,821776,3,2834635524,2059-10-29T06:45:24.000Z,imports,api-ms-win-core-threadpool-l1-2-0.dll,CloseThreadpoolTimer,55d6341a029ba97a072a69f4f73e930c,21275c87e78b361a5ce18aae959de6f5fb10433b66e0136ecaa786ea2bbbe248,c:\Windows\WinSxS\amd64_microsoft-windows-container-manager_31bf3856ad364e35_10.0.18362.387_none_e88ebff76f5fcdb6\CmService.dll
CmService.dll,821776,3,2834635524,2059-10-29T06:45:24.000Z,imports,api-ms-win-core-threadpool-l1-2-0.dll,CloseThreadpoolWait,55d6341a029ba97a072a69f4f73e930c,21275c87e78b361a5ce18aae959de6f5fb10433b66e0136ecaa786ea2bbbe248,c:\Windows\WinSxS\amd64_microsoft-windows-container-manager_31bf3856ad364e35_10.0.18362.387_none_e88ebff76f5fcdb6\CmService.dll
CmService.dll,821776,3,2834635524,2059-10-29T06:45:24.000Z,imports,api-ms-win-core-threadpool-l1-2-0.dll,CloseThreadpoolWork,55d6341a029ba97a072a69f4f73e930c,21275c87e78b361a5ce18aae959de6f5fb10433b66e0136ecaa786ea2bbbe248,c:\Windows\WinSxS\amd64_microsoft-windows-container-manager_31bf3856ad364e35_10.0.18362.387_none_e88ebff76f5fcdb6\CmService.dll
CmService.dll,821776,3,2834635524,2059-10-29T06:45:24.000Z,imports,api-ms-win-core-threadpool-l1-2-0.dll,CreateThreadpoolTimer,55d6341a029ba97a072a69f4f73e930c,21275c87e78b361a5ce18aae959de6f5fb10433b66e0136ecaa786ea2bbbe248,c:\Windows\WinSxS\amd64_microsoft-windows-container-manager_31bf3856ad364e35_10.0.18362.387_none_e88ebff76f5fcdb6\CmService.dll
CmService.dll,821776,3,2834635524,2059-10-29T06:45:24.000Z,imports,api-ms-win-core-threadpool-l1-2-0.dll,CreateThreadpoolWait,55d6341a029ba97a072a69f4f73e930c,21275c87e78b361a5ce18aae959de6f5fb10433b66e0136ecaa786ea2bbbe248,c:\Windows\WinSxS\amd64_microsoft-windows-container-manager_31bf3856ad364e35_10.0.18362.387_none_e88ebff76f5fcdb6\CmService.dll
CmService.dll,821776,3,2834635524,2059-10-29T06:45:24.000Z,imports,api-ms-win-core-threadpool-l1-2-0.dll,CreateThreadpoolWork,55d6341a029ba97a072a69f4f73e930c,21275c87e78b361a5ce18aae959de6f5fb10433b66e0136ecaa786ea2bbbe248,c:\Windows\WinSxS\amd64_microsoft-windows-container-manager_31bf3856ad364e35_10.0.18362.387_none_e88ebff76f5fcdb6\CmService.dll
CmService.dll,821776,3,2834635524,2059-10-29T06:45:24.000Z,imports,api-ms-win-core-threadpool-l1-2-0.dll,IsThreadpoolTimerSet,55d6341a029ba97a072a69f4f73e930c,21275c87e78b361a5ce18aae959de6f5fb10433b66e0136ecaa786ea2bbbe248,c:\Windows\WinSxS\amd64_microsoft-windows-container-manager_31bf3856ad364e35_10.0.18362.387_none_e88ebff76f5fcdb6\CmService.dll
CmService.dll,821776,3,2834635524,2059-10-29T06:45:24.000Z,imports,api-ms-win-core-threadpool-l1-2-0.dll,SetThreadpoolTimer,55d6341a029ba97a072a69f4f73e930c,21275c87e78b361a5ce18aae959de6f5fb10433b66e0136ecaa786ea2bbbe248,c:\Windows\WinSxS\amd64_microsoft-windows-container-manager_31bf3856ad364e35_10.0.18362.387_none_e88ebff76f5fcdb6\CmService.dll
CmService.dll,821776,3,2834635524,2059-10-29T06:45:24.000Z,imports,api-ms-win-core-threadpool-l1-2-0.dll,SetThreadpoolWait,55d6341a029ba97a072a69f4f73e930c,21275c87e78b361a5ce18aae959de6f5fb10433b66e0136ecaa786ea2bbbe248,c:\Windows\WinSxS\amd64_microsoft-windows-container-manager_31bf3856ad364e35_10.0.18362.387_none_e88ebff76f5fcdb6\CmService.dll
CmService.dll,821776,3,2834635524,2059-10-29T06:45:24.000Z,imports,api-ms-win-core-threadpool-l1-2-0.dll,SubmitThreadpoolWork,55d6341a029ba97a072a69f4f73e930c,21275c87e78b361a5ce18aae959de6f5fb10433b66e0136ecaa786ea2bbbe248,c:\Windows\WinSxS\amd64_microsoft-windows-container-manager_31bf3856ad364e35_10.0.18362.387_none_e88ebff76f5fcdb6\CmService.dll
CmService.dll,821776,3,2834635524,2059-10-29T06:45:24.000Z,imports,api-ms-win-core-threadpool-l1-2-0.dll,WaitForThreadpoolTimerCallbacks,55d6341a029ba97a072a69f4f73e930c,21275c87e78b361a5ce18aae959de6f5fb10433b66e0136ecaa786ea2bbbe248,c:\Windows\WinSxS\amd64_microsoft-windows-container-manager_31bf3856ad364e35_10.0.18362.387_none_e88ebff76f5fcdb6\CmService.dll
CmService.dll,821776,3,2834635524,2059-10-29T06:45:24.000Z,imports,api-ms-win-core-threadpool-l1-2-0.dll,WaitForThreadpoolWaitCallbacks,55d6341a029ba97a072a69f4f73e930c,21275c87e78b361a5ce18aae959de6f5fb10433b66e0136ecaa786ea2bbbe248,c:\Windows\WinSxS\amd64_microsoft-windows-container-manager_31bf3856ad364e35_10.0.18362.387_none_e88ebff76f5fcdb6\CmService.dll
CmService.dll,821776,3,2834635524,2059-10-29T06:45:24.000Z,imports,api-ms-win-core-threadpool-l1-2-0.dll,WaitForThreadpoolWorkCallbacks,55d6341a029ba97a072a69f4f73e930c,21275c87e78b361a5ce18aae959de6f5fb10433b66e0136ecaa786ea2bbbe248,c:\Windows\WinSxS\amd64_microsoft-windows-container-manager_31bf3856ad364e35_10.0.18362.387_none_e88ebff76f5fcdb6\CmService.dll
CmService.dll,821776,3,2834635524,2059-10-29T06:45:24.000Z,imports,api-ms-win-core-synch-l1-2-0.dll,InitOnceBeginInitialize,55d6341a029ba97a072a69f4f73e930c,21275c87e78b361a5ce18aae959de6f5fb10433b66e0136ecaa786ea2bbbe248,c:\Windows\WinSxS\amd64_microsoft-windows-container-manager_31bf3856ad364e35_10.0.18362.387_none_e88ebff76f5fcdb6\CmService.dll
CmService.dll,821776,3,2834635524,2059-10-29T06:45:24.000Z,imports,api-ms-win-core-synch-l1-2-0.dll,InitOnceComplete,55d6341a029ba97a072a69f4f73e930c,21275c87e78b361a5ce18aae959de6f5fb10433b66e0136ecaa786ea2bbbe248,c:\Windows\WinSxS\amd64_microsoft-windows-container-manager_31bf3856ad364e35_10.0.18362.387_none_e88ebff76f5fcdb6\CmService.dll
CmService.dll,821776,3,2834635524,2059-10-29T06:45:24.000Z,imports,api-ms-win-core-synch-l1-2-0.dll,Sleep,55d6341a029ba97a072a69f4f73e930c,21275c87e78b361a5ce18aae959de6f5fb10433b66e0136ecaa786ea2bbbe248,c:\Windows\WinSxS\amd64_microsoft-windows-container-manager_31bf3856ad364e35_10.0.18362.387_none_e88ebff76f5fcdb6\CmService.dll
CmService.dll,821776,3,2834635524,2059-10-29T06:45:24.000Z,imports,api-ms-win-core-synch-l1-2-0.dll,SleepConditionVariableSRW,55d6341a029ba97a072a69f4f73e930c,21275c87e78b361a5ce18aae959de6f5fb10433b66e0136ecaa786ea2bbbe248,c:\Windows\WinSxS\amd64_microsoft-windows-container-manager_31bf3856ad364e35_10.0.18362.387_none_e88ebff76f5fcdb6\CmService.dll
CmService.dll,821776,3,2834635524,2059-10-29T06:45:24.000Z,imports,api-ms-win-core-synch-l1-2-0.dll,WaitOnAddress,55d6341a029ba97a072a69f4f73e930c,21275c87e78b361a5ce18aae959de6f5fb10433b66e0136ecaa786ea2bbbe248,c:\Windows\WinSxS\amd64_microsoft-windows-container-manager_31bf3856ad364e35_10.0.18362.387_none_e88ebff76f5fcdb6\CmService.dll
CmService.dll,821776,3,2834635524,2059-10-29T06:45:24.000Z,imports,api-ms-win-core-synch-l1-2-0.dll,WakeByAddressAll,55d6341a029ba97a072a69f4f73e930c,21275c87e78b361a5ce18aae959de6f5fb10433b66e0136ecaa786ea2bbbe248,c:\Windows\WinSxS\amd64_microsoft-windows-container-manager_31bf3856ad364e35_10.0.18362.387_none_e88ebff76f5fcdb6\CmService.dll
CmService.dll,821776,3,2834635524,2059-10-29T06:45:24.000Z,imports,api-ms-win-core-synch-l1-2-0.dll,WakeConditionVariable,55d6341a029ba97a072a69f4f73e930c,21275c87e78b361a5ce18aae959de6f5fb10433b66e0136ecaa786ea2bbbe248,c:\Windows\WinSxS\amd64_microsoft-windows-container-manager_31bf3856ad364e35_10.0.18362.387_none_e88ebff76f5fcdb6\CmService.dll
CmService.dll,821776,3,2834635524,2059-10-29T06:45:24.000Z,imports,api-ms-win-core-synch-l1-1-0.dll,AcquireSRWLockExclusive,55d6341a029ba97a072a69f4f73e930c,21275c87e78b361a5ce18aae959de6f5fb10433b66e0136ecaa786ea2bbbe248,c:\Windows\WinSxS\amd64_microsoft-windows-container-manager_31bf3856ad364e35_10.0.18362.387_none_e88ebff76f5fcdb6\CmService.dll
CmService.dll,821776,3,2834635524,2059-10-29T06:45:24.000Z,imports,api-ms-win-core-synch-l1-1-0.dll,AcquireSRWLockShared,55d6341a029ba97a072a69f4f73e930c,21275c87e78b361a5ce18aae959de6f5fb10433b66e0136ecaa786ea2bbbe248,c:\Windows\WinSxS\amd64_microsoft-windows-container-manager_31bf3856ad364e35_10.0.18362.387_none_e88ebff76f5fcdb6\CmService.dll
CmService.dll,821776,3,2834635524,2059-10-29T06:45:24.000Z,imports,api-ms-win-core-synch-l1-1-0.dll,CreateEventExW,55d6341a029ba97a072a69f4f73e930c,21275c87e78b361a5ce18aae959de6f5fb10433b66e0136ecaa786ea2bbbe248,c:\Windows\WinSxS\amd64_microsoft-windows-container-manager_31bf3856ad364e35_10.0.18362.387_none_e88ebff76f5fcdb6\CmService.dll
CmService.dll,821776,3,2834635524,2059-10-29T06:45:24.000Z,imports,api-ms-win-core-synch-l1-1-0.dll,CreateMutexExW,55d6341a029ba97a072a69f4f73e930c,21275c87e78b361a5ce18aae959de6f5fb10433b66e0136ecaa786ea2bbbe248,c:\Windows\WinSxS\amd64_microsoft-windows-container-manager_31bf3856ad364e35_10.0.18362.387_none_e88ebff76f5fcdb6\CmService.dll
CmService.dll,821776,3,2834635524,2059-10-29T06:45:24.000Z,imports,api-ms-win-core-synch-l1-1-0.dll,CreateSemaphoreExW,55d6341a029ba97a072a69f4f73e930c,21275c87e78b361a5ce18aae959de6f5fb10433b66e0136ecaa786ea2bbbe248,c:\Windows\WinSxS\amd64_microsoft-windows-container-manager_31bf3856ad364e35_10.0.18362.387_none_e88ebff76f5fcdb6\CmService.dll
CmService.dll,821776,3,2834635524,2059-10-29T06:45:24.000Z,imports,api-ms-win-core-synch-l1-1-0.dll,DeleteCriticalSection,55d6341a029ba97a072a69f4f73e930c,21275c87e78b361a5ce18aae959de6f5fb10433b66e0136ecaa786ea2bbbe248,c:\Windows\WinSxS\amd64_microsoft-windows-container-manager_31bf3856ad364e35_10.0.18362.387_none_e88ebff76f5fcdb6\CmService.dll
CmService.dll,821776,3,2834635524,2059-10-29T06:45:24.000Z,imports,api-ms-win-core-synch-l1-1-0.dll,EnterCriticalSection,55d6341a029ba97a072a69f4f73e930c,21275c87e78b361a5ce18aae959de6f5fb10433b66e0136ecaa786ea2bbbe248,c:\Windows\WinSxS\amd64_microsoft-windows-container-manager_31bf3856ad364e35_10.0.18362.387_none_e88ebff76f5fcdb6\CmService.dll
CmService.dll,821776,3,2834635524,2059-10-29T06:45:24.000Z,imports,api-ms-win-core-synch-l1-1-0.dll,InitializeCriticalSectionEx,55d6341a029ba97a072a69f4f73e930c,21275c87e78b361a5ce18aae959de6f5fb10433b66e0136ecaa786ea2bbbe248,c:\Windows\WinSxS\amd64_microsoft-windows-container-manager_31bf3856ad364e35_10.0.18362.387_none_e88ebff76f5fcdb6\CmService.dll
CmService.dll,821776,3,2834635524,2059-10-29T06:45:24.000Z,imports,api-ms-win-core-synch-l1-1-0.dll,LeaveCriticalSection,55d6341a029ba97a072a69f4f73e930c,21275c87e78b361a5ce18aae959de6f5fb10433b66e0136ecaa786ea2bbbe248,c:\Windows\WinSxS\amd64_microsoft-windows-container-manager_31bf3856ad364e35_10.0.18362.387_none_e88ebff76f5fcdb6\CmService.dll
CmService.dll,821776,3,2834635524,2059-10-29T06:45:24.000Z,imports,api-ms-win-core-synch-l1-1-0.dll,OpenSemaphoreW,55d6341a029ba97a072a69f4f73e930c,21275c87e78b361a5ce18aae959de6f5fb10433b66e0136ecaa786ea2bbbe248,c:\Windows\WinSxS\amd64_microsoft-windows-container-manager_31bf3856ad364e35_10.0.18362.387_none_e88ebff76f5fcdb6\CmService.dll
CmService.dll,821776,3,2834635524,2059-10-29T06:45:24.000Z,imports,api-ms-win-core-synch-l1-1-0.dll,ReleaseMutex,55d6341a029ba97a072a69f4f73e930c,21275c87e78b361a5ce18aae959de6f5fb10433b66e0136ecaa786ea2bbbe248,c:\Windows\WinSxS\amd64_microsoft-windows-container-manager_31bf3856ad364e35_10.0.18362.387_none_e88ebff76f5fcdb6\CmService.dll
CmService.dll,821776,3,2834635524,2059-10-29T06:45:24.000Z,imports,api-ms-win-core-synch-l1-1-0.dll,ReleaseSRWLockExclusive,55d6341a029ba97a072a69f4f73e930c,21275c87e78b361a5ce18aae959de6f5fb10433b66e0136ecaa786ea2bbbe248,c:\Windows\WinSxS\amd64_microsoft-windows-container-manager_31bf3856ad364e35_10.0.18362.387_none_e88ebff76f5fcdb6\CmService.dll
CmService.dll,821776,3,2834635524,2059-10-29T06:45:24.000Z,imports,api-ms-win-core-synch-l1-1-0.dll,ReleaseSRWLockShared,55d6341a029ba97a072a69f4f73e930c,21275c87e78b361a5ce18aae959de6f5fb10433b66e0136ecaa786ea2bbbe248,c:\Windows\WinSxS\amd64_microsoft-windows-container-manager_31bf3856ad364e35_10.0.18362.387_none_e88ebff76f5fcdb6\CmService.dll
CmService.dll,821776,3,2834635524,2059-10-29T06:45:24.000Z,imports,api-ms-win-core-synch-l1-1-0.dll,ReleaseSemaphore,55d6341a029ba97a072a69f4f73e930c,21275c87e78b361a5ce18aae959de6f5fb10433b66e0136ecaa786ea2bbbe248,c:\Windows\WinSxS\amd64_microsoft-windows-container-manager_31bf3856ad364e35_10.0.18362.387_none_e88ebff76f5fcdb6\CmService.dll
CmService.dll,821776,3,2834635524,2059-10-29T06:45:24.000Z,imports,api-ms-win-core-synch-l1-1-0.dll,SetEvent,55d6341a029ba97a072a69f4f73e930c,21275c87e78b361a5ce18aae959de6f5fb10433b66e0136ecaa786ea2bbbe248,c:\Windows\WinSxS\amd64_microsoft-windows-container-manager_31bf3856ad364e35_10.0.18362.387_none_e88ebff76f5fcdb6\CmService.dll
CmService.dll,821776,3,2834635524,2059-10-29T06:45:24.000Z,imports,api-ms-win-core-synch-l1-1-0.dll,WaitForSingleObject,55d6341a029ba97a072a69f4f73e930c,21275c87e78b361a5ce18aae959de6f5fb10433b66e0136ecaa786ea2bbbe248,c:\Windows\WinSxS\amd64_microsoft-windows-container-manager_31bf3856ad364e35_10.0.18362.387_none_e88ebff76f5fcdb6\CmService.dll
CmService.dll,821776,3,2834635524,2059-10-29T06:45:24.000Z,imports,api-ms-win-core-synch-l1-1-0.dll,WaitForSingleObjectEx,55d6341a029ba97a072a69f4f73e930c,21275c87e78b361a5ce18aae959de6f5fb10433b66e0136ecaa786ea2bbbe248,c:\Windows\WinSxS\amd64_microsoft-windows-container-manager_31bf3856ad364e35_10.0.18362.387_none_e88ebff76f5fcdb6\CmService.dll
CmService.dll,821776,3,2834635524,2059-10-29T06:45:24.000Z,imports,api-ms-win-core-heap-l1-1-0.dll,GetProcessHeap,55d6341a029ba97a072a69f4f73e930c,21275c87e78b361a5ce18aae959de6f5fb10433b66e0136ecaa786ea2bbbe248,c:\Windows\WinSxS\amd64_microsoft-windows-container-manager_31bf3856ad364e35_10.0.18362.387_none_e88ebff76f5fcdb6\CmService.dll
CmService.dll,821776,3,2834635524,2059-10-29T06:45:24.000Z,imports,api-ms-win-core-heap-l1-1-0.dll,HeapAlloc,55d6341a029ba97a072a69f4f73e930c,21275c87e78b361a5ce18aae959de6f5fb10433b66e0136ecaa786ea2bbbe248,c:\Windows\WinSxS\amd64_microsoft-windows-container-manager_31bf3856ad364e35_10.0.18362.387_none_e88ebff76f5fcdb6\CmService.dll
CmService.dll,821776,3,2834635524,2059-10-29T06:45:24.000Z,imports,api-ms-win-core-heap-l1-1-0.dll,HeapFree,55d6341a029ba97a072a69f4f73e930c,21275c87e78b361a5ce18aae959de6f5fb10433b66e0136ecaa786ea2bbbe248,c:\Windows\WinSxS\amd64_microsoft-windows-container-manager_31bf3856ad364e35_10.0.18362.387_none_e88ebff76f5fcdb6\CmService.dll
CmService.dll,821776,3,2834635524,2059-10-29T06:45:24.000Z,imports,api-ms-win-core-errorhandling-l1-1-0.dll,GetLastError,55d6341a029ba97a072a69f4f73e930c,21275c87e78b361a5ce18aae959de6f5fb10433b66e0136ecaa786ea2bbbe248,c:\Windows\WinSxS\amd64_microsoft-windows-container-manager_31bf3856ad364e35_10.0.18362.387_none_e88ebff76f5fcdb6\CmService.dll
CmService.dll,821776,3,2834635524,2059-10-29T06:45:24.000Z,imports,api-ms-win-core-errorhandling-l1-1-0.dll,RaiseException,55d6341a029ba97a072a69f4f73e930c,21275c87e78b361a5ce18aae959de6f5fb10433b66e0136ecaa786ea2bbbe248,c:\Windows\WinSxS\amd64_microsoft-windows-container-manager_31bf3856ad364e35_10.0.18362.387_none_e88ebff76f5fcdb6\CmService.dll
CmService.dll,821776,3,2834635524,2059-10-29T06:45:24.000Z,imports,api-ms-win-core-errorhandling-l1-1-0.dll,SetLastError,55d6341a029ba97a072a69f4f73e930c,21275c87e78b361a5ce18aae959de6f5fb10433b66e0136ecaa786ea2bbbe248,c:\Windows\WinSxS\amd64_microsoft-windows-container-manager_31bf3856ad364e35_10.0.18362.387_none_e88ebff76f5fcdb6\CmService.dll
CmService.dll,821776,3,2834635524,2059-10-29T06:45:24.000Z,imports,api-ms-win-core-errorhandling-l1-1-0.dll,SetUnhandledExceptionFilter,55d6341a029ba97a072a69f4f73e930c,21275c87e78b361a5ce18aae959de6f5fb10433b66e0136ecaa786ea2bbbe248,c:\Windows\WinSxS\amd64_microsoft-windows-container-manager_31bf3856ad364e35_10.0.18362.387_none_e88ebff76f5fcdb6\CmService.dll
CmService.dll,821776,3,2834635524,2059-10-29T06:45:24.000Z,imports,api-ms-win-core-errorhandling-l1-1-0.dll,UnhandledExceptionFilter,55d6341a029ba97a072a69f4f73e930c,21275c87e78b361a5ce18aae959de6f5fb10433b66e0136ecaa786ea2bbbe248,c:\Windows\WinSxS\amd64_microsoft-windows-container-manager_31bf3856ad364e35_10.0.18362.387_none_e88ebff76f5fcdb6\CmService.dll
CmService.dll,821776,3,2834635524,2059-10-29T06:45:24.000Z,imports,api-ms-win-core-processthreads-l1-1-0.dll,CreateProcessW,55d6341a029ba97a072a69f4f73e930c,21275c87e78b361a5ce18aae959de6f5fb10433b66e0136ecaa786ea2bbbe248,c:\Windows\WinSxS\amd64_microsoft-windows-container-manager_31bf3856ad364e35_10.0.18362.387_none_e88ebff76f5fcdb6\CmService.dll
CmService.dll,821776,3,2834635524,2059-10-29T06:45:24.000Z,imports,api-ms-win-core-processthreads-l1-1-0.dll,CreateThread,55d6341a029ba97a072a69f4f73e930c,21275c87e78b361a5ce18aae959de6f5fb10433b66e0136ecaa786ea2bbbe248,c:\Windows\WinSxS\amd64_microsoft-windows-container-manager_31bf3856ad364e35_10.0.18362.387_none_e88ebff76f5fcdb6\CmService.dll
CmService.dll,821776,3,2834635524,2059-10-29T06:45:24.000Z,imports,api-ms-win-core-processthreads-l1-1-0.dll,GetCurrentProcess,55d6341a029ba97a072a69f4f73e930c,21275c87e78b361a5ce18aae959de6f5fb10433b66e0136ecaa786ea2bbbe248,c:\Windows\WinSxS\amd64_microsoft-windows-container-manager_31bf3856ad364e35_10.0.18362.387_none_e88ebff76f5fcdb6\CmService.dll
CmService.dll,821776,3,2834635524,2059-10-29T06:45:24.000Z,imports,api-ms-win-core-processthreads-l1-1-0.dll,GetCurrentProcessId,55d6341a029ba97a072a69f4f73e930c,21275c87e78b361a5ce18aae959de6f5fb10433b66e0136ecaa786ea2bbbe248,c:\Windows\WinSxS\amd64_microsoft-windows-container-manager_31bf3856ad364e35_10.0.18362.387_none_e88ebff76f5fcdb6\CmService.dll
CmService.dll,821776,3,2834635524,2059-10-29T06:45:24.000Z,imports,api-ms-win-core-processthreads-l1-1-0.dll,GetCurrentThreadId,55d6341a029ba97a072a69f4f73e930c,21275c87e78b361a5ce18aae959de6f5fb10433b66e0136ecaa786ea2bbbe248,c:\Windows\WinSxS\amd64_microsoft-windows-container-manager_31bf3856ad364e35_10.0.18362.387_none_e88ebff76f5fcdb6\CmService.dll
CmService.dll,821776,3,2834635524,2059-10-29T06:45:24.000Z,imports,api-ms-win-core-processthreads-l1-1-0.dll,GetExitCodeProcess,55d6341a029ba97a072a69f4f73e930c,21275c87e78b361a5ce18aae959de6f5fb10433b66e0136ecaa786ea2bbbe248,c:\Windows\WinSxS\amd64_microsoft-windows-container-manager_31bf3856ad364e35_10.0.18362.387_none_e88ebff76f5fcdb6\CmService.dll
CmService.dll,821776,3,2834635524,2059-10-29T06:45:24.000Z,imports,api-ms-win-core-processthreads-l1-1-0.dll,InitializeProcThreadAttributeList,55d6341a029ba97a072a69f4f73e930c,21275c87e78b361a5ce18aae959de6f5fb10433b66e0136ecaa786ea2bbbe248,c:\Windows\WinSxS\amd64_microsoft-windows-container-manager_31bf3856ad364e35_10.0.18362.387_none_e88ebff76f5fcdb6\CmService.dll
CmService.dll,821776,3,2834635524,2059-10-29T06:45:24.000Z,imports,api-ms-win-core-processthreads-l1-1-0.dll,OpenProcessToken,55d6341a029ba97a072a69f4f73e930c,21275c87e78b361a5ce18aae959de6f5fb10433b66e0136ecaa786ea2bbbe248,c:\Windows\WinSxS\amd64_microsoft-windows-container-manager_31bf3856ad364e35_10.0.18362.387_none_e88ebff76f5fcdb6\CmService.dll
CmService.dll,821776,3,2834635524,2059-10-29T06:45:24.000Z,imports,api-ms-win-core-processthreads-l1-1-0.dll,TerminateProcess,55d6341a029ba97a072a69f4f73e930c,21275c87e78b361a5ce18aae959de6f5fb10433b66e0136ecaa786ea2bbbe248,c:\Windows\WinSxS\amd64_microsoft-windows-container-manager_31bf3856ad364e35_10.0.18362.387_none_e88ebff76f5fcdb6\CmService.dll
CmService.dll,821776,3,2834635524,2059-10-29T06:45:24.000Z,imports,api-ms-win-core-processthreads-l1-1-0.dll,UpdateProcThreadAttribute,55d6341a029ba97a072a69f4f73e930c,21275c87e78b361a5ce18aae959de6f5fb10433b66e0136ecaa786ea2bbbe248,c:\Windows\WinSxS\amd64_microsoft-windows-container-manager_31bf3856ad364e35_10.0.18362.387_none_e88ebff76f5fcdb6\CmService.dll
CmService.dll,821776,3,2834635524,2059-10-29T06:45:24.000Z,imports,api-ms-win-core-localization-l1-2-0.dll,FormatMessageW,55d6341a029ba97a072a69f4f73e930c,21275c87e78b361a5ce18aae959de6f5fb10433b66e0136ecaa786ea2bbbe248,c:\Windows\WinSxS\amd64_microsoft-windows-container-manager_31bf3856ad364e35_10.0.18362.387_none_e88ebff76f5fcdb6\CmService.dll
CmService.dll,821776,3,2834635524,2059-10-29T06:45:24.000Z,imports,api-ms-win-core-debug-l1-1-0.dll,DebugBreak,55d6341a029ba97a072a69f4f73e930c,21275c87e78b361a5ce18aae959de6f5fb10433b66e0136ecaa786ea2bbbe248,c:\Windows\WinSxS\amd64_microsoft-windows-container-manager_31bf3856ad364e35_10.0.18362.387_none_e88ebff76f5fcdb6\CmService.dll
CmService.dll,821776,3,2834635524,2059-10-29T06:45:24.000Z,imports,api-ms-win-core-debug-l1-1-0.dll,IsDebuggerPresent,55d6341a029ba97a072a69f4f73e930c,21275c87e78b361a5ce18aae959de6f5fb10433b66e0136ecaa786ea2bbbe248,c:\Windows\WinSxS\amd64_microsoft-windows-container-manager_31bf3856ad364e35_10.0.18362.387_none_e88ebff76f5fcdb6\CmService.dll
CmService.dll,821776,3,2834635524,2059-10-29T06:45:24.000Z,imports,api-ms-win-core-debug-l1-1-0.dll,OutputDebugStringW,55d6341a029ba97a072a69f4f73e930c,21275c87e78b361a5ce18aae959de6f5fb10433b66e0136ecaa786ea2bbbe248,c:\Windows\WinSxS\amd64_microsoft-windows-container-manager_31bf3856ad364e35_10.0.18362.387_none_e88ebff76f5fcdb6\CmService.dll
CmService.dll,821776,3,2834635524,2059-10-29T06:45:24.000Z,imports,api-ms-win-core-handle-l1-1-0.dll,CloseHandle,55d6341a029ba97a072a69f4f73e930c,21275c87e78b361a5ce18aae959de6f5fb10433b66e0136ecaa786ea2bbbe248,c:\Windows\WinSxS\amd64_microsoft-windows-container-manager_31bf3856ad364e35_10.0.18362.387_none_e88ebff76f5fcdb6\CmService.dll
CmService.dll,821776,3,2834635524,2059-10-29T06:45:24.000Z,imports,rpcrt4.dll,NdrClientCall3,55d6341a029ba97a072a69f4f73e930c,21275c87e78b361a5ce18aae959de6f5fb10433b66e0136ecaa786ea2bbbe248,c:\Windows\WinSxS\amd64_microsoft-windows-container-manager_31bf3856ad364e35_10.0.18362.387_none_e88ebff76f5fcdb6\CmService.dll
CmService.dll,821776,3,2834635524,2059-10-29T06:45:24.000Z,imports,rpcrt4.dll,NdrServerCall2,55d6341a029ba97a072a69f4f73e930c,21275c87e78b361a5ce18aae959de6f5fb10433b66e0136ecaa786ea2bbbe248,c:\Windows\WinSxS\amd64_microsoft-windows-container-manager_31bf3856ad364e35_10.0.18362.387_none_e88ebff76f5fcdb6\CmService.dll
CmService.dll,821776,3,2834635524,2059-10-29T06:45:24.000Z,imports,rpcrt4.dll,NdrServerCallAll,55d6341a029ba97a072a69f4f73e930c,21275c87e78b361a5ce18aae959de6f5fb10433b66e0136ecaa786ea2bbbe248,c:\Windows\WinSxS\amd64_microsoft-windows-container-manager_31bf3856ad364e35_10.0.18362.387_none_e88ebff76f5fcdb6\CmService.dll
CmService.dll,821776,3,2834635524,2059-10-29T06:45:24.000Z,imports,rpcrt4.dll,RpcBindingFree,55d6341a029ba97a072a69f4f73e930c,21275c87e78b361a5ce18aae959de6f5fb10433b66e0136ecaa786ea2bbbe248,c:\Windows\WinSxS\amd64_microsoft-windows-container-manager_31bf3856ad364e35_10.0.18362.387_none_e88ebff76f5fcdb6\CmService.dll
CmService.dll,821776,3,2834635524,2059-10-29T06:45:24.000Z,imports,rpcrt4.dll,RpcBindingFromStringBindingW,55d6341a029ba97a072a69f4f73e930c,21275c87e78b361a5ce18aae959de6f5fb10433b66e0136ecaa786ea2bbbe248,c:\Windows\WinSxS\amd64_microsoft-windows-container-manager_31bf3856ad364e35_10.0.18362.387_none_e88ebff76f5fcdb6\CmService.dll
CmService.dll,821776,3,2834635524,2059-10-29T06:45:24.000Z,imports,rpcrt4.dll,RpcBindingSetAuthInfoExW,55d6341a029ba97a072a69f4f73e930c,21275c87e78b361a5ce18aae959de6f5fb10433b66e0136ecaa786ea2bbbe248,c:\Windows\WinSxS\amd64_microsoft-windows-container-manager_31bf3856ad364e35_10.0.18362.387_none_e88ebff76f5fcdb6\CmService.dll
CmService.dll,821776,3,2834635524,2059-10-29T06:45:24.000Z,imports,rpcrt4.dll,RpcBindingVectorFree,55d6341a029ba97a072a69f4f73e930c,21275c87e78b361a5ce18aae959de6f5fb10433b66e0136ecaa786ea2bbbe248,c:\Windows\WinSxS\amd64_microsoft-windows-container-manager_31bf3856ad364e35_10.0.18362.387_none_e88ebff76f5fcdb6\CmService.dll
CmService.dll,821776,3,2834635524,2059-10-29T06:45:24.000Z,imports,rpcrt4.dll,RpcEpRegisterW,55d6341a029ba97a072a69f4f73e930c,21275c87e78b361a5ce18aae959de6f5fb10433b66e0136ecaa786ea2bbbe248,c:\Windows\WinSxS\amd64_microsoft-windows-container-manager_31bf3856ad364e35_10.0.18362.387_none_e88ebff76f5fcdb6\CmService.dll
CmService.dll,821776,3,2834635524,2059-10-29T06:45:24.000Z,imports,rpcrt4.dll,RpcEpUnregister,55d6341a029ba97a072a69f4f73e930c,21275c87e78b361a5ce18aae959de6f5fb10433b66e0136ecaa786ea2bbbe248,c:\Windows\WinSxS\amd64_microsoft-windows-container-manager_31bf3856ad364e35_10.0.18362.387_none_e88ebff76f5fcdb6\CmService.dll
CmService.dll,821776,3,2834635524,2059-10-29T06:45:24.000Z,imports,rpcrt4.dll,RpcServerInqBindings,55d6341a029ba97a072a69f4f73e930c,21275c87e78b361a5ce18aae959de6f5fb10433b66e0136ecaa786ea2bbbe248,c:\Windows\WinSxS\amd64_microsoft-windows-container-manager_31bf3856ad364e35_10.0.18362.387_none_e88ebff76f5fcdb6\CmService.dll
CmService.dll,821776,3,2834635524,2059-10-29T06:45:24.000Z,imports,rpcrt4.dll,RpcServerRegisterIf3,55d6341a029ba97a072a69f4f73e930c,21275c87e78b361a5ce18aae959de6f5fb10433b66e0136ecaa786ea2bbbe248,c:\Windows\WinSxS\amd64_microsoft-windows-container-manager_31bf3856ad364e35_10.0.18362.387_none_e88ebff76f5fcdb6\CmService.dll
CmService.dll,821776,3,2834635524,2059-10-29T06:45:24.000Z,imports,rpcrt4.dll,RpcServerUnregisterIfEx,55d6341a029ba97a072a69f4f73e930c,21275c87e78b361a5ce18aae959de6f5fb10433b66e0136ecaa786ea2bbbe248,c:\Windows\WinSxS\amd64_microsoft-windows-container-manager_31bf3856ad364e35_10.0.18362.387_none_e88ebff76f5fcdb6\CmService.dll
CmService.dll,821776,3,2834635524,2059-10-29T06:45:24.000Z,imports,rpcrt4.dll,RpcServerUseProtseqW,55d6341a029ba97a072a69f4f73e930c,21275c87e78b361a5ce18aae959de6f5fb10433b66e0136ecaa786ea2bbbe248,c:\Windows\WinSxS\amd64_microsoft-windows-container-manager_31bf3856ad364e35_10.0.18362.387_none_e88ebff76f5fcdb6\CmService.dll
CmService.dll,821776,3,2834635524,2059-10-29T06:45:24.000Z,imports,rpcrt4.dll,RpcStringBindingComposeW,55d6341a029ba97a072a69f4f73e930c,21275c87e78b361a5ce18aae959de6f5fb10433b66e0136ecaa786ea2bbbe248,c:\Windows\WinSxS\amd64_microsoft-windows-container-manager_31bf3856ad364e35_10.0.18362.387_none_e88ebff76f5fcdb6\CmService.dll
CmService.dll,821776,3,2834635524,2059-10-29T06:45:24.000Z,imports,rpcrt4.dll,RpcStringFreeW,55d6341a029ba97a072a69f4f73e930c,21275c87e78b361a5ce18aae959de6f5fb10433b66e0136ecaa786ea2bbbe248,c:\Windows\WinSxS\amd64_microsoft-windows-container-manager_31bf3856ad364e35_10.0.18362.387_none_e88ebff76f5fcdb6\CmService.dll
CmService.dll,821776,3,2834635524,2059-10-29T06:45:24.000Z,imports,rpcrt4.dll,UuidCompare,55d6341a029ba97a072a69f4f73e930c,21275c87e78b361a5ce18aae959de6f5fb10433b66e0136ecaa786ea2bbbe248,c:\Windows\WinSxS\amd64_microsoft-windows-container-manager_31bf3856ad364e35_10.0.18362.387_none_e88ebff76f5fcdb6\CmService.dll
CmService.dll,821776,3,2834635524,2059-10-29T06:45:24.000Z,imports,rpcrt4.dll,UuidCreate,55d6341a029ba97a072a69f4f73e930c,21275c87e78b361a5ce18aae959de6f5fb10433b66e0136ecaa786ea2bbbe248,c:\Windows\WinSxS\amd64_microsoft-windows-container-manager_31bf3856ad364e35_10.0.18362.387_none_e88ebff76f5fcdb6\CmService.dll
CmService.dll,821776,3,2834635524,2059-10-29T06:45:24.000Z,imports,rpcrt4.dll,UuidFromStringW,55d6341a029ba97a072a69f4f73e930c,21275c87e78b361a5ce18aae959de6f5fb10433b66e0136ecaa786ea2bbbe248,c:\Windows\WinSxS\amd64_microsoft-windows-container-manager_31bf3856ad364e35_10.0.18362.387_none_e88ebff76f5fcdb6\CmService.dll
CmService.dll,821776,3,2834635524,2059-10-29T06:45:24.000Z,imports,rpcrt4.dll,UuidToStringW,55d6341a029ba97a072a69f4f73e930c,21275c87e78b361a5ce18aae959de6f5fb10433b66e0136ecaa786ea2bbbe248,c:\Windows\WinSxS\amd64_microsoft-windows-container-manager_31bf3856ad364e35_10.0.18362.387_none_e88ebff76f5fcdb6\CmService.dll
CmService.dll,821776,3,2834635524,2059-10-29T06:45:24.000Z,imports,api-ms-win-core-kernel32-legacy-l1-1-0.dll,MoveFileW,55d6341a029ba97a072a69f4f73e930c,21275c87e78b361a5ce18aae959de6f5fb10433b66e0136ecaa786ea2bbbe248,c:\Windows\WinSxS\amd64_microsoft-windows-container-manager_31bf3856ad364e35_10.0.18362.387_none_e88ebff76f5fcdb6\CmService.dll
CmService.dll,821776,3,2834635524,2059-10-29T06:45:24.000Z,imports,api-ms-win-core-kernel32-legacy-l1-1-0.dll,UnregisterWait,55d6341a029ba97a072a69f4f73e930c,21275c87e78b361a5ce18aae959de6f5fb10433b66e0136ecaa786ea2bbbe248,c:\Windows\WinSxS\amd64_microsoft-windows-container-manager_31bf3856ad364e35_10.0.18362.387_none_e88ebff76f5fcdb6\CmService.dll
CmService.dll,821776,3,2834635524,2059-10-29T06:45:24.000Z,imports,api-ms-win-security-sddl-l1-1-0.dll,ConvertStringSecurityDescriptorToSecurityDescriptorW,55d6341a029ba97a072a69f4f73e930c,21275c87e78b361a5ce18aae959de6f5fb10433b66e0136ecaa786ea2bbbe248,c:\Windows\WinSxS\amd64_microsoft-windows-container-manager_31bf3856ad364e35_10.0.18362.387_none_e88ebff76f5fcdb6\CmService.dll
CmService.dll,821776,3,2834635524,2059-10-29T06:45:24.000Z,imports,api-ms-win-service-core-l1-1-0.dll,RegisterServiceCtrlHandlerExW,55d6341a029ba97a072a69f4f73e930c,21275c87e78b361a5ce18aae959de6f5fb10433b66e0136ecaa786ea2bbbe248,c:\Windows\WinSxS\amd64_microsoft-windows-container-manager_31bf3856ad364e35_10.0.18362.387_none_e88ebff76f5fcdb6\CmService.dll
CmService.dll,821776,3,2834635524,2059-10-29T06:45:24.000Z,imports,api-ms-win-service-core-l1-1-0.dll,SetServiceStatus,55d6341a029ba97a072a69f4f73e930c,21275c87e78b361a5ce18aae959de6f5fb10433b66e0136ecaa786ea2bbbe248,c:\Windows\WinSxS\amd64_microsoft-windows-container-manager_31bf3856ad364e35_10.0.18362.387_none_e88ebff76f5fcdb6\CmService.dll
CmService.dll,821776,3,2834635524,2059-10-29T06:45:24.000Z,imports,api-ms-win-core-heap-l2-1-0.dll,LocalFree,55d6341a029ba97a072a69f4f73e930c,21275c87e78b361a5ce18aae959de6f5fb10433b66e0136ecaa786ea2bbbe248,c:\Windows\WinSxS\amd64_microsoft-windows-container-manager_31bf3856ad364e35_10.0.18362.387_none_e88ebff76f5fcdb6\CmService.dll
CmService.dll,821776,3,2834635524,2059-10-29T06:45:24.000Z,imports,api-ms-win-core-processthreads-l1-1-1.dll,IsProcessorFeaturePresent,55d6341a029ba97a072a69f4f73e930c,21275c87e78b361a5ce18aae959de6f5fb10433b66e0136ecaa786ea2bbbe248,c:\Windows\WinSxS\amd64_microsoft-windows-container-manager_31bf3856ad364e35_10.0.18362.387_none_e88ebff76f5fcdb6\CmService.dll
CmService.dll,821776,3,2834635524,2059-10-29T06:45:24.000Z,imports,api-ms-win-core-profile-l1-1-0.dll,QueryPerformanceCounter,55d6341a029ba97a072a69f4f73e930c,21275c87e78b361a5ce18aae959de6f5fb10433b66e0136ecaa786ea2bbbe248,c:\Windows\WinSxS\amd64_microsoft-windows-container-manager_31bf3856ad364e35_10.0.18362.387_none_e88ebff76f5fcdb6\CmService.dll
CmService.dll,821776,3,2834635524,2059-10-29T06:45:24.000Z,imports,api-ms-win-core-sysinfo-l1-1-0.dll,GetSystemDirectoryW,55d6341a029ba97a072a69f4f73e930c,21275c87e78b361a5ce18aae959de6f5fb10433b66e0136ecaa786ea2bbbe248,c:\Windows\WinSxS\amd64_microsoft-windows-container-manager_31bf3856ad364e35_10.0.18362.387_none_e88ebff76f5fcdb6\CmService.dll
CmService.dll,821776,3,2834635524,2059-10-29T06:45:24.000Z,imports,api-ms-win-core-sysinfo-l1-1-0.dll,GetSystemInfo,55d6341a029ba97a072a69f4f73e930c,21275c87e78b361a5ce18aae959de6f5fb10433b66e0136ecaa786ea2bbbe248,c:\Windows\WinSxS\amd64_microsoft-windows-container-manager_31bf3856ad364e35_10.0.18362.387_none_e88ebff76f5fcdb6\CmService.dll
CmService.dll,821776,3,2834635524,2059-10-29T06:45:24.000Z,imports,api-ms-win-core-sysinfo-l1-1-0.dll,GetSystemTimeAsFileTime,55d6341a029ba97a072a69f4f73e930c,21275c87e78b361a5ce18aae959de6f5fb10433b66e0136ecaa786ea2bbbe248,c:\Windows\WinSxS\amd64_microsoft-windows-container-manager_31bf3856ad364e35_10.0.18362.387_none_e88ebff76f5fcdb6\CmService.dll
CmService.dll,821776,3,2834635524,2059-10-29T06:45:24.000Z,imports,api-ms-win-core-sysinfo-l1-1-0.dll,GetTickCount,55d6341a029ba97a072a69f4f73e930c,21275c87e78b361a5ce18aae959de6f5fb10433b66e0136ecaa786ea2bbbe248,c:\Windows\WinSxS\amd64_microsoft-windows-container-manager_31bf3856ad364e35_10.0.18362.387_none_e88ebff76f5fcdb6\CmService.dll
CmService.dll,821776,3,2834635524,2059-10-29T06:45:24.000Z,imports,api-ms-win-core-sysinfo-l1-1-0.dll,GetVersionExW,55d6341a029ba97a072a69f4f73e930c,21275c87e78b361a5ce18aae959de6f5fb10433b66e0136ecaa786ea2bbbe248,c:\Windows\WinSxS\amd64_microsoft-windows-container-manager_31bf3856ad364e35_10.0.18362.387_none_e88ebff76f5fcdb6\CmService.dll
CmService.dll,821776,3,2834635524,2059-10-29T06:45:24.000Z,imports,api-ms-win-core-sysinfo-l1-1-0.dll,GetWindowsDirectoryW,55d6341a029ba97a072a69f4f73e930c,21275c87e78b361a5ce18aae959de6f5fb10433b66e0136ecaa786ea2bbbe248,c:\Windows\WinSxS\amd64_microsoft-windows-container-manager_31bf3856ad364e35_10.0.18362.387_none_e88ebff76f5fcdb6\CmService.dll
CmService.dll,821776,3,2834635524,2059-10-29T06:45:24.000Z,imports,api-ms-win-core-interlocked-l1-1-0.dll,InitializeSListHead,55d6341a029ba97a072a69f4f73e930c,21275c87e78b361a5ce18aae959de6f5fb10433b66e0136ecaa786ea2bbbe248,c:\Windows\WinSxS\amd64_microsoft-windows-container-manager_31bf3856ad364e35_10.0.18362.387_none_e88ebff76f5fcdb6\CmService.dll
CmService.dll,821776,3,2834635524,2059-10-29T06:45:24.000Z,imports,wc_storage.dll,WcPopulateNewLayer,55d6341a029ba97a072a69f4f73e930c,21275c87e78b361a5ce18aae959de6f5fb10433b66e0136ecaa786ea2bbbe248,c:\Windows\WinSxS\amd64_microsoft-windows-container-manager_31bf3856ad364e35_10.0.18362.387_none_e88ebff76f5fcdb6\CmService.dll
CmService.dll,821776,3,2834635524,2059-10-29T06:45:24.000Z,imports,computenetwork.dll,HcnCloseGuestNetworkService,55d6341a029ba97a072a69f4f73e930c,21275c87e78b361a5ce18aae959de6f5fb10433b66e0136ecaa786ea2bbbe248,c:\Windows\WinSxS\amd64_microsoft-windows-container-manager_31bf3856ad364e35_10.0.18362.387_none_e88ebff76f5fcdb6\CmService.dll
CmService.dll,821776,3,2834635524,2059-10-29T06:45:24.000Z,imports,computenetwork.dll,HcnCreateGuestNetworkService,55d6341a029ba97a072a69f4f73e930c,21275c87e78b361a5ce18aae959de6f5fb10433b66e0136ecaa786ea2bbbe248,c:\Windows\WinSxS\amd64_microsoft-windows-container-manager_31bf3856ad364e35_10.0.18362.387_none_e88ebff76f5fcdb6\CmService.dll
CmService.dll,821776,3,2834635524,2059-10-29T06:45:24.000Z,imports,computenetwork.dll,HcnDeleteGuestNetworkService,55d6341a029ba97a072a69f4f73e930c,21275c87e78b361a5ce18aae959de6f5fb10433b66e0136ecaa786ea2bbbe248,c:\Windows\WinSxS\amd64_microsoft-windows-container-manager_31bf3856ad364e35_10.0.18362.387_none_e88ebff76f5fcdb6\CmService.dll
CmService.dll,821776,3,2834635524,2059-10-29T06:45:24.000Z,imports,computenetwork.dll,HcnModifyGuestNetworkService,55d6341a029ba97a072a69f4f73e930c,21275c87e78b361a5ce18aae959de6f5fb10433b66e0136ecaa786ea2bbbe248,c:\Windows\WinSxS\amd64_microsoft-windows-container-manager_31bf3856ad364e35_10.0.18362.387_none_e88ebff76f5fcdb6\CmService.dll
CmService.dll,821776,3,2834635524,2059-10-29T06:45:24.000Z,imports,computenetwork.dll,HcnOpenGuestNetworkService,55d6341a029ba97a072a69f4f73e930c,21275c87e78b361a5ce18aae959de6f5fb10433b66e0136ecaa786ea2bbbe248,c:\Windows\WinSxS\amd64_microsoft-windows-container-manager_31bf3856ad364e35_10.0.18362.387_none_e88ebff76f5fcdb6\CmService.dll
CmService.dll,821776,3,2834635524,2059-10-29T06:45:24.000Z,imports,wimgapi.dll,WIMCloseHandle,55d6341a029ba97a072a69f4f73e930c,21275c87e78b361a5ce18aae959de6f5fb10433b66e0136ecaa786ea2bbbe248,c:\Windows\WinSxS\amd64_microsoft-windows-container-manager_31bf3856ad364e35_10.0.18362.387_none_e88ebff76f5fcdb6\CmService.dll
CmService.dll,821776,3,2834635524,2059-10-29T06:45:24.000Z,imports,wimgapi.dll,WIMCreateFile,55d6341a029ba97a072a69f4f73e930c,21275c87e78b361a5ce18aae959de6f5fb10433b66e0136ecaa786ea2bbbe248,c:\Windows\WinSxS\amd64_microsoft-windows-container-manager_31bf3856ad364e35_10.0.18362.387_none_e88ebff76f5fcdb6\CmService.dll
CmService.dll,821776,3,2834635524,2059-10-29T06:45:24.000Z,imports,wimgapi.dll,WIMGetImageInformation,55d6341a029ba97a072a69f4f73e930c,21275c87e78b361a5ce18aae959de6f5fb10433b66e0136ecaa786ea2bbbe248,c:\Windows\WinSxS\amd64_microsoft-windows-container-manager_31bf3856ad364e35_10.0.18362.387_none_e88ebff76f5fcdb6\CmService.dll
CmService.dll,821776,3,2834635524,2059-10-29T06:45:24.000Z,imports,wcimage.dll,WcCreateContainerImageFromPortableBaseLayer,55d6341a029ba97a072a69f4f73e930c,21275c87e78b361a5ce18aae959de6f5fb10433b66e0136ecaa786ea2bbbe248,c:\Windows\WinSxS\amd64_microsoft-windows-container-manager_31bf3856ad364e35_10.0.18362.387_none_e88ebff76f5fcdb6\CmService.dll
CmService.dll,821776,3,2834635524,2059-10-29T06:45:24.000Z,imports,wcimage.dll,WcMountVirtualDisk,55d6341a029ba97a072a69f4f73e930c,21275c87e78b361a5ce18aae959de6f5fb10433b66e0136ecaa786ea2bbbe248,c:\Windows\WinSxS\amd64_microsoft-windows-container-manager_31bf3856ad364e35_10.0.18362.387_none_e88ebff76f5fcdb6\CmService.dll
CmService.dll,821776,3,2834635524,2059-10-29T06:45:24.000Z,imports,wcimage.dll,WcWaitForPendingFileCompressionOperations,55d6341a029ba97a072a69f4f73e930c,21275c87e78b361a5ce18aae959de6f5fb10433b66e0136ecaa786ea2bbbe248,c:\Windows\WinSxS\amd64_microsoft-windows-container-manager_31bf3856ad364e35_10.0.18362.387_none_e88ebff76f5fcdb6\CmService.dll
CmService.dll,821776,3,2834635524,2059-10-29T06:45:24.000Z,imports,msvcp_win.dll,?_Xinvalid_argument@std@@YAXPEBD@Z,55d6341a029ba97a072a69f4f73e930c,21275c87e78b361a5ce18aae959de6f5fb10433b66e0136ecaa786ea2bbbe248,c:\Windows\WinSxS\amd64_microsoft-windows-container-manager_31bf3856ad364e35_10.0.18362.387_none_e88ebff76f5fcdb6\CmService.dll
CmService.dll,821776,3,2834635524,2059-10-29T06:45:24.000Z,imports,msvcp_win.dll,?_Xlength_error@std@@YAXPEBD@Z,55d6341a029ba97a072a69f4f73e930c,21275c87e78b361a5ce18aae959de6f5fb10433b66e0136ecaa786ea2bbbe248,c:\Windows\WinSxS\amd64_microsoft-windows-container-manager_31bf3856ad364e35_10.0.18362.387_none_e88ebff76f5fcdb6\CmService.dll
CmService.dll,821776,3,2834635524,2059-10-29T06:45:24.000Z,imports,msvcp_win.dll,?_Xout_of_range@std@@YAXPEBD@Z,55d6341a029ba97a072a69f4f73e930c,21275c87e78b361a5ce18aae959de6f5fb10433b66e0136ecaa786ea2bbbe248,c:\Windows\WinSxS\amd64_microsoft-windows-container-manager_31bf3856ad364e35_10.0.18362.387_none_e88ebff76f5fcdb6\CmService.dll
CmService.dll,821776,3,2834635524,2059-10-29T06:45:24.000Z,imports,api-ms-win-core-file-l1-1-0.dll,CreateDirectoryW,55d6341a029ba97a072a69f4f73e930c,21275c87e78b361a5ce18aae959de6f5fb10433b66e0136ecaa786ea2bbbe248,c:\Windows\WinSxS\amd64_microsoft-windows-container-manager_31bf3856ad364e35_10.0.18362.387_none_e88ebff76f5fcdb6\CmService.dll
CmService.dll,821776,3,2834635524,2059-10-29T06:45:24.000Z,imports,api-ms-win-core-file-l1-1-0.dll,CreateFileW,55d6341a029ba97a072a69f4f73e930c,21275c87e78b361a5ce18aae959de6f5fb10433b66e0136ecaa786ea2bbbe248,c:\Windows\WinSxS\amd64_microsoft-windows-container-manager_31bf3856ad364e35_10.0.18362.387_none_e88ebff76f5fcdb6\CmService.dll
CmService.dll,821776,3,2834635524,2059-10-29T06:45:24.000Z,imports,api-ms-win-core-file-l1-1-0.dll,DeleteVolumeMountPointW,55d6341a029ba97a072a69f4f73e930c,21275c87e78b361a5ce18aae959de6f5fb10433b66e0136ecaa786ea2bbbe248,c:\Windows\WinSxS\amd64_microsoft-windows-container-manager_31bf3856ad364e35_10.0.18362.387_none_e88ebff76f5fcdb6\CmService.dll
CmService.dll,821776,3,2834635524,2059-10-29T06:45:24.000Z,imports,api-ms-win-core-file-l1-1-0.dll,FindClose,55d6341a029ba97a072a69f4f73e930c,21275c87e78b361a5ce18aae959de6f5fb10433b66e0136ecaa786ea2bbbe248,c:\Windows\WinSxS\amd64_microsoft-windows-container-manager_31bf3856ad364e35_10.0.18362.387_none_e88ebff76f5fcdb6\CmService.dll
CmService.dll,821776,3,2834635524,2059-10-29T06:45:24.000Z,imports,api-ms-win-core-file-l1-1-0.dll,FindFirstFileExW,55d6341a029ba97a072a69f4f73e930c,21275c87e78b361a5ce18aae959de6f5fb10433b66e0136ecaa786ea2bbbe248,c:\Windows\WinSxS\amd64_microsoft-windows-container-manager_31bf3856ad364e35_10.0.18362.387_none_e88ebff76f5fcdb6\CmService.dll
CmService.dll,821776,3,2834635524,2059-10-29T06:45:24.000Z,imports,api-ms-win-core-file-l1-1-0.dll,FindNextFileW,55d6341a029ba97a072a69f4f73e930c,21275c87e78b361a5ce18aae959de6f5fb10433b66e0136ecaa786ea2bbbe248,c:\Windows\WinSxS\amd64_microsoft-windows-container-manager_31bf3856ad364e35_10.0.18362.387_none_e88ebff76f5fcdb6\CmService.dll
CmService.dll,821776,3,2834635524,2059-10-29T06:45:24.000Z,imports,api-ms-win-core-file-l1-1-0.dll,GetFileAttributesExW,55d6341a029ba97a072a69f4f73e930c,21275c87e78b361a5ce18aae959de6f5fb10433b66e0136ecaa786ea2bbbe248,c:\Windows\WinSxS\amd64_microsoft-windows-container-manager_31bf3856ad364e35_10.0.18362.387_none_e88ebff76f5fcdb6\CmService.dll
CmService.dll,821776,3,2834635524,2059-10-29T06:45:24.000Z,imports,api-ms-win-core-file-l1-1-0.dll,GetFileAttributesW,55d6341a029ba97a072a69f4f73e930c,21275c87e78b361a5ce18aae959de6f5fb10433b66e0136ecaa786ea2bbbe248,c:\Windows\WinSxS\amd64_microsoft-windows-container-manager_31bf3856ad364e35_10.0.18362.387_none_e88ebff76f5fcdb6\CmService.dll
CmService.dll,821776,3,2834635524,2059-10-29T06:45:24.000Z,imports,api-ms-win-core-file-l1-1-0.dll,GetFileSizeEx,55d6341a029ba97a072a69f4f73e930c,21275c87e78b361a5ce18aae959de6f5fb10433b66e0136ecaa786ea2bbbe248,c:\Windows\WinSxS\amd64_microsoft-windows-container-manager_31bf3856ad364e35_10.0.18362.387_none_e88ebff76f5fcdb6\CmService.dll
CmService.dll,821776,3,2834635524,2059-10-29T06:45:24.000Z,imports,api-ms-win-core-file-l1-1-0.dll,RemoveDirectoryW,55d6341a029ba97a072a69f4f73e930c,21275c87e78b361a5ce18aae959de6f5fb10433b66e0136ecaa786ea2bbbe248,c:\Windows\WinSxS\amd64_microsoft-windows-container-manager_31bf3856ad364e35_10.0.18362.387_none_e88ebff76f5fcdb6\CmService.dll
CmService.dll,821776,3,2834635524,2059-10-29T06:45:24.000Z,imports,api-ms-win-core-file-l1-1-0.dll,SetFileAttributesW,55d6341a029ba97a072a69f4f73e930c,21275c87e78b361a5ce18aae959de6f5fb10433b66e0136ecaa786ea2bbbe248,c:\Windows\WinSxS\amd64_microsoft-windows-container-manager_31bf3856ad364e35_10.0.18362.387_none_e88ebff76f5fcdb6\CmService.dll
CmService.dll,821776,3,2834635524,2059-10-29T06:45:24.000Z,imports,api-ms-win-core-file-l1-1-0.dll,SetFileInformationByHandle,55d6341a029ba97a072a69f4f73e930c,21275c87e78b361a5ce18aae959de6f5fb10433b66e0136ecaa786ea2bbbe248,c:\Windows\WinSxS\amd64_microsoft-windows-container-manager_31bf3856ad364e35_10.0.18362.387_none_e88ebff76f5fcdb6\CmService.dll
CmService.dll,821776,3,2834635524,2059-10-29T06:45:24.000Z,imports,userenv.dll,GetAllUsersProfileDirectoryW,55d6341a029ba97a072a69f4f73e930c,21275c87e78b361a5ce18aae959de6f5fb10433b66e0136ecaa786ea2bbbe248,c:\Windows\WinSxS\amd64_microsoft-windows-container-manager_31bf3856ad364e35_10.0.18362.387_none_e88ebff76f5fcdb6\CmService.dll
CmService.dll,821776,3,2834635524,2059-10-29T06:45:24.000Z,imports,api-ms-win-core-string-l1-1-0.dll,CompareStringOrdinal,55d6341a029ba97a072a69f4f73e930c,21275c87e78b361a5ce18aae959de6f5fb10433b66e0136ecaa786ea2bbbe248,c:\Windows\WinSxS\amd64_microsoft-windows-container-manager_31bf3856ad364e35_10.0.18362.387_none_e88ebff76f5fcdb6\CmService.dll
CmService.dll,821776,3,2834635524,2059-10-29T06:45:24.000Z,imports,api-ms-win-security-base-l1-1-0.dll,AdjustTokenPrivileges,55d6341a029ba97a072a69f4f73e930c,21275c87e78b361a5ce18aae959de6f5fb10433b66e0136ecaa786ea2bbbe248,c:\Windows\WinSxS\amd64_microsoft-windows-container-manager_31bf3856ad364e35_10.0.18362.387_none_e88ebff76f5fcdb6\CmService.dll
CmService.dll,821776,3,2834635524,2059-10-29T06:45:24.000Z,imports,api-ms-win-security-base-l1-1-0.dll,AllocateAndInitializeSid,55d6341a029ba97a072a69f4f73e930c,21275c87e78b361a5ce18aae959de6f5fb10433b66e0136ecaa786ea2bbbe248,c:\Windows\WinSxS\amd64_microsoft-windows-container-manager_31bf3856ad364e35_10.0.18362.387_none_e88ebff76f5fcdb6\CmService.dll
CmService.dll,821776,3,2834635524,2059-10-29T06:45:24.000Z,imports,api-ms-win-security-base-l1-1-0.dll,DestroyPrivateObjectSecurity,55d6341a029ba97a072a69f4f73e930c,21275c87e78b361a5ce18aae959de6f5fb10433b66e0136ecaa786ea2bbbe248,c:\Windows\WinSxS\amd64_microsoft-windows-container-manager_31bf3856ad364e35_10.0.18362.387_none_e88ebff76f5fcdb6\CmService.dll
CmService.dll,821776,3,2834635524,2059-10-29T06:45:24.000Z,imports,api-ms-win-security-base-l1-1-0.dll,FreeSid,55d6341a029ba97a072a69f4f73e930c,21275c87e78b361a5ce18aae959de6f5fb10433b66e0136ecaa786ea2bbbe248,c:\Windows\WinSxS\amd64_microsoft-windows-container-manager_31bf3856ad364e35_10.0.18362.387_none_e88ebff76f5fcdb6\CmService.dll
CmService.dll,821776,3,2834635524,2059-10-29T06:45:24.000Z,imports,api-ms-win-security-base-l1-1-0.dll,GetSecurityDescriptorDacl,55d6341a029ba97a072a69f4f73e930c,21275c87e78b361a5ce18aae959de6f5fb10433b66e0136ecaa786ea2bbbe248,c:\Windows\WinSxS\amd64_microsoft-windows-container-manager_31bf3856ad364e35_10.0.18362.387_none_e88ebff76f5fcdb6\CmService.dll
CmService.dll,821776,3,2834635524,2059-10-29T06:45:24.000Z,imports,api-ms-win-security-base-l1-1-0.dll,GetTokenInformation,55d6341a029ba97a072a69f4f73e930c,21275c87e78b361a5ce18aae959de6f5fb10433b66e0136ecaa786ea2bbbe248,c:\Windows\WinSxS\amd64_microsoft-windows-container-manager_31bf3856ad364e35_10.0.18362.387_none_e88ebff76f5fcdb6\CmService.dll
CmService.dll,821776,3,2834635524,2059-10-29T06:45:24.000Z,imports,api-ms-win-security-provider-l1-1-0.dll,GetNamedSecurityInfoW,55d6341a029ba97a072a69f4f73e930c,21275c87e78b361a5ce18aae959de6f5fb10433b66e0136ecaa786ea2bbbe248,c:\Windows\WinSxS\amd64_microsoft-windows-container-manager_31bf3856ad364e35_10.0.18362.387_none_e88ebff76f5fcdb6\CmService.dll
CmService.dll,821776,3,2834635524,2059-10-29T06:45:24.000Z,imports,api-ms-win-security-provider-l1-1-0.dll,GetSecurityInfo,55d6341a029ba97a072a69f4f73e930c,21275c87e78b361a5ce18aae959de6f5fb10433b66e0136ecaa786ea2bbbe248,c:\Windows\WinSxS\amd64_microsoft-windows-container-manager_31bf3856ad364e35_10.0.18362.387_none_e88ebff76f5fcdb6\CmService.dll
CmService.dll,821776,3,2834635524,2059-10-29T06:45:24.000Z,imports,api-ms-win-security-provider-l1-1-0.dll,SetEntriesInAclW,55d6341a029ba97a072a69f4f73e930c,21275c87e78b361a5ce18aae959de6f5fb10433b66e0136ecaa786ea2bbbe248,c:\Windows\WinSxS\amd64_microsoft-windows-container-manager_31bf3856ad364e35_10.0.18362.387_none_e88ebff76f5fcdb6\CmService.dll
CmService.dll,821776,3,2834635524,2059-10-29T06:45:24.000Z,imports,api-ms-win-security-provider-l1-1-0.dll,SetNamedSecurityInfoW,55d6341a029ba97a072a69f4f73e930c,21275c87e78b361a5ce18aae959de6f5fb10433b66e0136ecaa786ea2bbbe248,c:\Windows\WinSxS\amd64_microsoft-windows-container-manager_31bf3856ad364e35_10.0.18362.387_none_e88ebff76f5fcdb6\CmService.dll
CmService.dll,821776,3,2834635524,2059-10-29T06:45:24.000Z,imports,api-ms-win-security-provider-l1-1-0.dll,SetSecurityInfo,55d6341a029ba97a072a69f4f73e930c,21275c87e78b361a5ce18aae959de6f5fb10433b66e0136ecaa786ea2bbbe248,c:\Windows\WinSxS\amd64_microsoft-windows-container-manager_31bf3856ad364e35_10.0.18362.387_none_e88ebff76f5fcdb6\CmService.dll
CmService.dll,821776,3,2834635524,2059-10-29T06:45:24.000Z,imports,api-ms-win-security-lsalookup-l2-1-0.dll,LookupPrivilegeValueW,55d6341a029ba97a072a69f4f73e930c,21275c87e78b361a5ce18aae959de6f5fb10433b66e0136ecaa786ea2bbbe248,c:\Windows\WinSxS\amd64_microsoft-windows-container-manager_31bf3856ad364e35_10.0.18362.387_none_e88ebff76f5fcdb6\CmService.dll
CmService.dll,821776,3,2834635524,2059-10-29T06:45:24.000Z,imports,api-ms-win-core-realtime-l1-1-0.dll,QueryUnbiasedInterruptTime,55d6341a029ba97a072a69f4f73e930c,21275c87e78b361a5ce18aae959de6f5fb10433b66e0136ecaa786ea2bbbe248,c:\Windows\WinSxS\amd64_microsoft-windows-container-manager_31bf3856ad364e35_10.0.18362.387_none_e88ebff76f5fcdb6\CmService.dll
CmService.dll,821776,3,2834635524,2059-10-29T06:45:24.000Z,imports,api-ms-win-service-management-l1-1-0.dll,CloseServiceHandle,55d6341a029ba97a072a69f4f73e930c,21275c87e78b361a5ce18aae959de6f5fb10433b66e0136ecaa786ea2bbbe248,c:\Windows\WinSxS\amd64_microsoft-windows-container-manager_31bf3856ad364e35_10.0.18362.387_none_e88ebff76f5fcdb6\CmService.dll
CmService.dll,821776,3,2834635524,2059-10-29T06:45:24.000Z,imports,api-ms-win-service-management-l1-1-0.dll,OpenSCManagerW,55d6341a029ba97a072a69f4f73e930c,21275c87e78b361a5ce18aae959de6f5fb10433b66e0136ecaa786ea2bbbe248,c:\Windows\WinSxS\amd64_microsoft-windows-container-manager_31bf3856ad364e35_10.0.18362.387_none_e88ebff76f5fcdb6\CmService.dll
CmService.dll,821776,3,2834635524,2059-10-29T06:45:24.000Z,imports,api-ms-win-service-management-l1-1-0.dll,OpenServiceW,55d6341a029ba97a072a69f4f73e930c,21275c87e78b361a5ce18aae959de6f5fb10433b66e0136ecaa786ea2bbbe248,c:\Windows\WinSxS\amd64_microsoft-windows-container-manager_31bf3856ad364e35_10.0.18362.387_none_e88ebff76f5fcdb6\CmService.dll
CmService.dll,821776,3,2834635524,2059-10-29T06:45:24.000Z,imports,api-ms-win-service-management-l1-1-0.dll,StartServiceW,55d6341a029ba97a072a69f4f73e930c,21275c87e78b361a5ce18aae959de6f5fb10433b66e0136ecaa786ea2bbbe248,c:\Windows\WinSxS\amd64_microsoft-windows-container-manager_31bf3856ad364e35_10.0.18362.387_none_e88ebff76f5fcdb6\CmService.dll
CmService.dll,821776,3,2834635524,2059-10-29T06:45:24.000Z,imports,api-ms-win-service-winsvc-l1-1-0.dll,QueryServiceStatus,55d6341a029ba97a072a69f4f73e930c,21275c87e78b361a5ce18aae959de6f5fb10433b66e0136ecaa786ea2bbbe248,c:\Windows\WinSxS\amd64_microsoft-windows-container-manager_31bf3856ad364e35_10.0.18362.387_none_e88ebff76f5fcdb6\CmService.dll
CmService.dll,821776,3,2834635524,2059-10-29T06:45:24.000Z,imports,api-ms-win-core-file-l2-1-2.dll,CopyFileW,55d6341a029ba97a072a69f4f73e930c,21275c87e78b361a5ce18aae959de6f5fb10433b66e0136ecaa786ea2bbbe248,c:\Windows\WinSxS\amd64_microsoft-windows-container-manager_31bf3856ad364e35_10.0.18362.387_none_e88ebff76f5fcdb6\CmService.dll
CmService.dll,821776,3,2834635524,2059-10-29T06:45:24.000Z,imports,api-ms-win-core-registry-l1-1-0.dll,RegCloseKey,55d6341a029ba97a072a69f4f73e930c,21275c87e78b361a5ce18aae959de6f5fb10433b66e0136ecaa786ea2bbbe248,c:\Windows\WinSxS\amd64_microsoft-windows-container-manager_31bf3856ad364e35_10.0.18362.387_none_e88ebff76f5fcdb6\CmService.dll
CmService.dll,821776,3,2834635524,2059-10-29T06:45:24.000Z,imports,api-ms-win-core-registry-l1-1-0.dll,RegCreateKeyExW,55d6341a029ba97a072a69f4f73e930c,21275c87e78b361a5ce18aae959de6f5fb10433b66e0136ecaa786ea2bbbe248,c:\Windows\WinSxS\amd64_microsoft-windows-container-manager_31bf3856ad364e35_10.0.18362.387_none_e88ebff76f5fcdb6\CmService.dll
CmService.dll,821776,3,2834635524,2059-10-29T06:45:24.000Z,imports,api-ms-win-core-registry-l1-1-0.dll,RegEnumKeyExW,55d6341a029ba97a072a69f4f73e930c,21275c87e78b361a5ce18aae959de6f5fb10433b66e0136ecaa786ea2bbbe248,c:\Windows\WinSxS\amd64_microsoft-windows-container-manager_31bf3856ad364e35_10.0.18362.387_none_e88ebff76f5fcdb6\CmService.dll
CmService.dll,821776,3,2834635524,2059-10-29T06:45:24.000Z,imports,api-ms-win-core-registry-l1-1-0.dll,RegGetValueW,55d6341a029ba97a072a69f4f73e930c,21275c87e78b361a5ce18aae959de6f5fb10433b66e0136ecaa786ea2bbbe248,c:\Windows\WinSxS\amd64_microsoft-windows-container-manager_31bf3856ad364e35_10.0.18362.387_none_e88ebff76f5fcdb6\CmService.dll
CmService.dll,821776,3,2834635524,2059-10-29T06:45:24.000Z,imports,api-ms-win-core-registry-l1-1-0.dll,RegNotifyChangeKeyValue,55d6341a029ba97a072a69f4f73e930c,21275c87e78b361a5ce18aae959de6f5fb10433b66e0136ecaa786ea2bbbe248,c:\Windows\WinSxS\amd64_microsoft-windows-container-manager_31bf3856ad364e35_10.0.18362.387_none_e88ebff76f5fcdb6\CmService.dll
CmService.dll,821776,3,2834635524,2059-10-29T06:45:24.000Z,imports,api-ms-win-core-registry-l1-1-0.dll,RegOpenKeyExW,55d6341a029ba97a072a69f4f73e930c,21275c87e78b361a5ce18aae959de6f5fb10433b66e0136ecaa786ea2bbbe248,c:\Windows\WinSxS\amd64_microsoft-windows-container-manager_31bf3856ad364e35_10.0.18362.387_none_e88ebff76f5fcdb6\CmService.dll
CmService.dll,821776,3,2834635524,2059-10-29T06:45:24.000Z,imports,api-ms-win-core-registry-l1-1-0.dll,RegSetValueExW,55d6341a029ba97a072a69f4f73e930c,21275c87e78b361a5ce18aae959de6f5fb10433b66e0136ecaa786ea2bbbe248,c:\Windows\WinSxS\amd64_microsoft-windows-container-manager_31bf3856ad364e35_10.0.18362.387_none_e88ebff76f5fcdb6\CmService.dll
CmService.dll,821776,3,2834635524,2059-10-29T06:45:24.000Z,imports,api-ms-win-shcore-stream-l1-1-0.dll,SHCreateMemStream,55d6341a029ba97a072a69f4f73e930c,21275c87e78b361a5ce18aae959de6f5fb10433b66e0136ecaa786ea2bbbe248,c:\Windows\WinSxS\amd64_microsoft-windows-container-manager_31bf3856ad364e35_10.0.18362.387_none_e88ebff76f5fcdb6\CmService.dll
CmService.dll,821776,3,2834635524,2059-10-29T06:45:24.000Z,imports,api-ms-win-core-synch-l1-2-1.dll,WaitForMultipleObjects,55d6341a029ba97a072a69f4f73e930c,21275c87e78b361a5ce18aae959de6f5fb10433b66e0136ecaa786ea2bbbe248,c:\Windows\WinSxS\amd64_microsoft-windows-container-manager_31bf3856ad364e35_10.0.18362.387_none_e88ebff76f5fcdb6\CmService.dll
CmService.dll,821776,3,2834635524,2059-10-29T06:45:24.000Z,imports,api-ms-win-core-libraryloader-l1-2-1.dll,LoadLibraryW,55d6341a029ba97a072a69f4f73e930c,21275c87e78b361a5ce18aae959de6f5fb10433b66e0136ecaa786ea2bbbe248,c:\Windows\WinSxS\amd64_microsoft-windows-container-manager_31bf3856ad364e35_10.0.18362.387_none_e88ebff76f5fcdb6\CmService.dll
CmService.dll,821776,3,2834635524,2059-10-29T06:45:24.000Z,imports,xmllite.dll,CreateXmlReader,55d6341a029ba97a072a69f4f73e930c,21275c87e78b361a5ce18aae959de6f5fb10433b66e0136ecaa786ea2bbbe248,c:\Windows\WinSxS\amd64_microsoft-windows-container-manager_31bf3856ad364e35_10.0.18362.387_none_e88ebff76f5fcdb6\CmService.dll
CmService.dll,821776,3,2834635524,2059-10-29T06:45:24.000Z,imports,api-ms-win-core-job-l2-1-0.dll,CreateJobObjectW,55d6341a029ba97a072a69f4f73e930c,21275c87e78b361a5ce18aae959de6f5fb10433b66e0136ecaa786ea2bbbe248,c:\Windows\WinSxS\amd64_microsoft-windows-container-manager_31bf3856ad364e35_10.0.18362.387_none_e88ebff76f5fcdb6\CmService.dll
CmService.dll,821776,3,2834635524,2059-10-29T06:45:24.000Z,imports,api-ms-win-core-sysinfo-l1-2-1.dll,DnsHostnameToComputerNameExW,55d6341a029ba97a072a69f4f73e930c,21275c87e78b361a5ce18aae959de6f5fb10433b66e0136ecaa786ea2bbbe248,c:\Windows\WinSxS\amd64_microsoft-windows-container-manager_31bf3856ad364e35_10.0.18362.387_none_e88ebff76f5fcdb6\CmService.dll
CmService.dll,821776,3,2834635524,2059-10-29T06:45:24.000Z,imports,api-ms-win-core-com-l1-1-0.dll,CoTaskMemFree,55d6341a029ba97a072a69f4f73e930c,21275c87e78b361a5ce18aae959de6f5fb10433b66e0136ecaa786ea2bbbe248,c:\Windows\WinSxS\amd64_microsoft-windows-container-manager_31bf3856ad364e35_10.0.18362.387_none_e88ebff76f5fcdb6\CmService.dll
CmService.dll,821776,3,2834635524,2059-10-29T06:45:24.000Z,imports,api-ms-win-core-memory-l1-1-0.dll,VirtualProtect,55d6341a029ba97a072a69f4f73e930c,21275c87e78b361a5ce18aae959de6f5fb10433b66e0136ecaa786ea2bbbe248,c:\Windows\WinSxS\amd64_microsoft-windows-container-manager_31bf3856ad364e35_10.0.18362.387_none_e88ebff76f5fcdb6\CmService.dll
CmService.dll,821776,3,2834635524,2059-10-29T06:45:24.000Z,imports,api-ms-win-core-memory-l1-1-0.dll,VirtualQuery,55d6341a029ba97a072a69f4f73e930c,21275c87e78b361a5ce18aae959de6f5fb10433b66e0136ecaa786ea2bbbe248,c:\Windows\WinSxS\amd64_microsoft-windows-container-manager_31bf3856ad364e35_10.0.18362.387_none_e88ebff76f5fcdb6\CmService.dll
CmService.dll,821776,3,2834635524,2059-10-29T06:45:24.000Z,imports,api-ms-win-core-registry-l2-1-0.dll,RegCreateKeyTransactedW,55d6341a029ba97a072a69f4f73e930c,21275c87e78b361a5ce18aae959de6f5fb10433b66e0136ecaa786ea2bbbe248,c:\Windows\WinSxS\amd64_microsoft-windows-container-manager_31bf3856ad364e35_10.0.18362.387_none_e88ebff76f5fcdb6\CmService.dll
CmService.dll,821776,3,2834635524,2059-10-29T06:45:24.000Z,imports,api-ms-win-core-registry-l2-1-0.dll,RegDeleteKeyTransactedW,55d6341a029ba97a072a69f4f73e930c,21275c87e78b361a5ce18aae959de6f5fb10433b66e0136ecaa786ea2bbbe248,c:\Windows\WinSxS\amd64_microsoft-windows-container-manager_31bf3856ad364e35_10.0.18362.387_none_e88ebff76f5fcdb6\CmService.dll
CmService.dll,821776,3,2834635524,2059-10-29T06:45:24.000Z,imports,api-ms-win-core-registry-l2-1-0.dll,RegOpenKeyTransactedW,55d6341a029ba97a072a69f4f73e930c,21275c87e78b361a5ce18aae959de6f5fb10433b66e0136ecaa786ea2bbbe248,c:\Windows\WinSxS\amd64_microsoft-windows-container-manager_31bf3856ad364e35_10.0.18362.387_none_e88ebff76f5fcdb6\CmService.dll
CmService.dll,821776,3,2834635524,2059-10-29T06:45:24.000Z,imports,api-ms-win-stateseparation-helpers-l1-1-0.dll,GetPersistedRegistryLocationW,55d6341a029ba97a072a69f4f73e930c,21275c87e78b361a5ce18aae959de6f5fb10433b66e0136ecaa786ea2bbbe248,c:\Windows\WinSxS\amd64_microsoft-windows-container-manager_31bf3856ad364e35_10.0.18362.387_none_e88ebff76f5fcdb6\CmService.dll
CmService.dll,821776,3,2834635524,2059-10-29T06:45:24.000Z,exports,CmService.dll,ServiceMain,55d6341a029ba97a072a69f4f73e930c,21275c87e78b361a5ce18aae959de6f5fb10433b66e0136ecaa786ea2bbbe248,c:\Windows\WinSxS\amd64_microsoft-windows-container-manager_31bf3856ad364e35_10.0.18362.387_none_e88ebff76f5fcdb6\CmService.dll
CmService.dll,821776,3,2834635524,2059-10-29T06:45:24.000Z,exports,CmService.dll,SvchostPushServiceGlobals,55d6341a029ba97a072a69f4f73e930c,21275c87e78b361a5ce18aae959de6f5fb10433b66e0136ecaa786ea2bbbe248,c:\Windows\WinSxS\amd64_microsoft-windows-container-manager_31bf3856ad364e35_10.0.18362.387_none_e88ebff76f5fcdb6\CmService.dll
