KBDINASA.DLL,7168,1,649376249,1990-07-30T22:17:29.000Z,exports,KBDINASA.DLL,KbdLayerDescriptor,53affbd304db65a85f4b018dce9ac258,7207148ade485cf3b24d16398a8b1bff3926ceb85d2e61fe7605a5893c8f0486,c:\Windows\SysWOW64\KBDINASA.DLL
