mfmp4srcsnk.dll,1867816,3,2009952093,2033-09-10T08:01:33.000Z,imports,msvcrt.dll,_CIacos,574f1ab4dc697660aeca5482b88b1378,8e9f06bfda8c6021aca4ef96f10faa1fd59ce32bfa0ea60976c81ef7d8b37595,c:\Windows\SysWOW64\mfmp4srcsnk.dll
mfmp4srcsnk.dll,1867816,3,2009952093,2033-09-10T08:01:33.000Z,imports,msvcrt.dll,_CIcos,574f1ab4dc697660aeca5482b88b1378,8e9f06bfda8c6021aca4ef96f10faa1fd59ce32bfa0ea60976c81ef7d8b37595,c:\Windows\SysWOW64\mfmp4srcsnk.dll
mfmp4srcsnk.dll,1867816,3,2009952093,2033-09-10T08:01:33.000Z,imports,msvcrt.dll,_CIlog,574f1ab4dc697660aeca5482b88b1378,8e9f06bfda8c6021aca4ef96f10faa1fd59ce32bfa0ea60976c81ef7d8b37595,c:\Windows\SysWOW64\mfmp4srcsnk.dll
mfmp4srcsnk.dll,1867816,3,2009952093,2033-09-10T08:01:33.000Z,imports,msvcrt.dll,_CIsin,574f1ab4dc697660aeca5482b88b1378,8e9f06bfda8c6021aca4ef96f10faa1fd59ce32bfa0ea60976c81ef7d8b37595,c:\Windows\SysWOW64\mfmp4srcsnk.dll
mfmp4srcsnk.dll,1867816,3,2009952093,2033-09-10T08:01:33.000Z,imports,msvcrt.dll,_CIsqrt,574f1ab4dc697660aeca5482b88b1378,8e9f06bfda8c6021aca4ef96f10faa1fd59ce32bfa0ea60976c81ef7d8b37595,c:\Windows\SysWOW64\mfmp4srcsnk.dll
mfmp4srcsnk.dll,1867816,3,2009952093,2033-09-10T08:01:33.000Z,imports,msvcrt.dll,_XcptFilter,574f1ab4dc697660aeca5482b88b1378,8e9f06bfda8c6021aca4ef96f10faa1fd59ce32bfa0ea60976c81ef7d8b37595,c:\Windows\SysWOW64\mfmp4srcsnk.dll
mfmp4srcsnk.dll,1867816,3,2009952093,2033-09-10T08:01:33.000Z,imports,msvcrt.dll,__CxxFrameHandler3,574f1ab4dc697660aeca5482b88b1378,8e9f06bfda8c6021aca4ef96f10faa1fd59ce32bfa0ea60976c81ef7d8b37595,c:\Windows\SysWOW64\mfmp4srcsnk.dll
mfmp4srcsnk.dll,1867816,3,2009952093,2033-09-10T08:01:33.000Z,imports,msvcrt.dll,__dllonexit,574f1ab4dc697660aeca5482b88b1378,8e9f06bfda8c6021aca4ef96f10faa1fd59ce32bfa0ea60976c81ef7d8b37595,c:\Windows\SysWOW64\mfmp4srcsnk.dll
mfmp4srcsnk.dll,1867816,3,2009952093,2033-09-10T08:01:33.000Z,imports,msvcrt.dll,_amsg_exit,574f1ab4dc697660aeca5482b88b1378,8e9f06bfda8c6021aca4ef96f10faa1fd59ce32bfa0ea60976c81ef7d8b37595,c:\Windows\SysWOW64\mfmp4srcsnk.dll
mfmp4srcsnk.dll,1867816,3,2009952093,2033-09-10T08:01:33.000Z,imports,msvcrt.dll,_callnewh,574f1ab4dc697660aeca5482b88b1378,8e9f06bfda8c6021aca4ef96f10faa1fd59ce32bfa0ea60976c81ef7d8b37595,c:\Windows\SysWOW64\mfmp4srcsnk.dll
mfmp4srcsnk.dll,1867816,3,2009952093,2033-09-10T08:01:33.000Z,imports,msvcrt.dll,_errno,574f1ab4dc697660aeca5482b88b1378,8e9f06bfda8c6021aca4ef96f10faa1fd59ce32bfa0ea60976c81ef7d8b37595,c:\Windows\SysWOW64\mfmp4srcsnk.dll
mfmp4srcsnk.dll,1867816,3,2009952093,2033-09-10T08:01:33.000Z,imports,msvcrt.dll,_except_handler4_common,574f1ab4dc697660aeca5482b88b1378,8e9f06bfda8c6021aca4ef96f10faa1fd59ce32bfa0ea60976c81ef7d8b37595,c:\Windows\SysWOW64\mfmp4srcsnk.dll
mfmp4srcsnk.dll,1867816,3,2009952093,2033-09-10T08:01:33.000Z,imports,msvcrt.dll,_ftol2,574f1ab4dc697660aeca5482b88b1378,8e9f06bfda8c6021aca4ef96f10faa1fd59ce32bfa0ea60976c81ef7d8b37595,c:\Windows\SysWOW64\mfmp4srcsnk.dll
mfmp4srcsnk.dll,1867816,3,2009952093,2033-09-10T08:01:33.000Z,imports,msvcrt.dll,_ftol2_sse,574f1ab4dc697660aeca5482b88b1378,8e9f06bfda8c6021aca4ef96f10faa1fd59ce32bfa0ea60976c81ef7d8b37595,c:\Windows\SysWOW64\mfmp4srcsnk.dll
mfmp4srcsnk.dll,1867816,3,2009952093,2033-09-10T08:01:33.000Z,imports,msvcrt.dll,_gcvt_s,574f1ab4dc697660aeca5482b88b1378,8e9f06bfda8c6021aca4ef96f10faa1fd59ce32bfa0ea60976c81ef7d8b37595,c:\Windows\SysWOW64\mfmp4srcsnk.dll
mfmp4srcsnk.dll,1867816,3,2009952093,2033-09-10T08:01:33.000Z,imports,msvcrt.dll,_i64toa_s,574f1ab4dc697660aeca5482b88b1378,8e9f06bfda8c6021aca4ef96f10faa1fd59ce32bfa0ea60976c81ef7d8b37595,c:\Windows\SysWOW64\mfmp4srcsnk.dll
mfmp4srcsnk.dll,1867816,3,2009952093,2033-09-10T08:01:33.000Z,imports,msvcrt.dll,_initterm,574f1ab4dc697660aeca5482b88b1378,8e9f06bfda8c6021aca4ef96f10faa1fd59ce32bfa0ea60976c81ef7d8b37595,c:\Windows\SysWOW64\mfmp4srcsnk.dll
mfmp4srcsnk.dll,1867816,3,2009952093,2033-09-10T08:01:33.000Z,imports,msvcrt.dll,_lock,574f1ab4dc697660aeca5482b88b1378,8e9f06bfda8c6021aca4ef96f10faa1fd59ce32bfa0ea60976c81ef7d8b37595,c:\Windows\SysWOW64\mfmp4srcsnk.dll
mfmp4srcsnk.dll,1867816,3,2009952093,2033-09-10T08:01:33.000Z,imports,msvcrt.dll,_ltoa_s,574f1ab4dc697660aeca5482b88b1378,8e9f06bfda8c6021aca4ef96f10faa1fd59ce32bfa0ea60976c81ef7d8b37595,c:\Windows\SysWOW64\mfmp4srcsnk.dll
mfmp4srcsnk.dll,1867816,3,2009952093,2033-09-10T08:01:33.000Z,imports,msvcrt.dll,_onexit,574f1ab4dc697660aeca5482b88b1378,8e9f06bfda8c6021aca4ef96f10faa1fd59ce32bfa0ea60976c81ef7d8b37595,c:\Windows\SysWOW64\mfmp4srcsnk.dll
mfmp4srcsnk.dll,1867816,3,2009952093,2033-09-10T08:01:33.000Z,imports,msvcrt.dll,_purecall,574f1ab4dc697660aeca5482b88b1378,8e9f06bfda8c6021aca4ef96f10faa1fd59ce32bfa0ea60976c81ef7d8b37595,c:\Windows\SysWOW64\mfmp4srcsnk.dll
mfmp4srcsnk.dll,1867816,3,2009952093,2033-09-10T08:01:33.000Z,imports,msvcrt.dll,_scwprintf,574f1ab4dc697660aeca5482b88b1378,8e9f06bfda8c6021aca4ef96f10faa1fd59ce32bfa0ea60976c81ef7d8b37595,c:\Windows\SysWOW64\mfmp4srcsnk.dll
mfmp4srcsnk.dll,1867816,3,2009952093,2033-09-10T08:01:33.000Z,imports,msvcrt.dll,_snwprintf_s,574f1ab4dc697660aeca5482b88b1378,8e9f06bfda8c6021aca4ef96f10faa1fd59ce32bfa0ea60976c81ef7d8b37595,c:\Windows\SysWOW64\mfmp4srcsnk.dll
mfmp4srcsnk.dll,1867816,3,2009952093,2033-09-10T08:01:33.000Z,imports,msvcrt.dll,_snwscanf_s,574f1ab4dc697660aeca5482b88b1378,8e9f06bfda8c6021aca4ef96f10faa1fd59ce32bfa0ea60976c81ef7d8b37595,c:\Windows\SysWOW64\mfmp4srcsnk.dll
mfmp4srcsnk.dll,1867816,3,2009952093,2033-09-10T08:01:33.000Z,imports,msvcrt.dll,_ultoa_s,574f1ab4dc697660aeca5482b88b1378,8e9f06bfda8c6021aca4ef96f10faa1fd59ce32bfa0ea60976c81ef7d8b37595,c:\Windows\SysWOW64\mfmp4srcsnk.dll
mfmp4srcsnk.dll,1867816,3,2009952093,2033-09-10T08:01:33.000Z,imports,msvcrt.dll,_ultow_s,574f1ab4dc697660aeca5482b88b1378,8e9f06bfda8c6021aca4ef96f10faa1fd59ce32bfa0ea60976c81ef7d8b37595,c:\Windows\SysWOW64\mfmp4srcsnk.dll
mfmp4srcsnk.dll,1867816,3,2009952093,2033-09-10T08:01:33.000Z,imports,msvcrt.dll,_unlock,574f1ab4dc697660aeca5482b88b1378,8e9f06bfda8c6021aca4ef96f10faa1fd59ce32bfa0ea60976c81ef7d8b37595,c:\Windows\SysWOW64\mfmp4srcsnk.dll
mfmp4srcsnk.dll,1867816,3,2009952093,2033-09-10T08:01:33.000Z,imports,msvcrt.dll,_vsnprintf,574f1ab4dc697660aeca5482b88b1378,8e9f06bfda8c6021aca4ef96f10faa1fd59ce32bfa0ea60976c81ef7d8b37595,c:\Windows\SysWOW64\mfmp4srcsnk.dll
mfmp4srcsnk.dll,1867816,3,2009952093,2033-09-10T08:01:33.000Z,imports,msvcrt.dll,_vsnwprintf,574f1ab4dc697660aeca5482b88b1378,8e9f06bfda8c6021aca4ef96f10faa1fd59ce32bfa0ea60976c81ef7d8b37595,c:\Windows\SysWOW64\mfmp4srcsnk.dll
mfmp4srcsnk.dll,1867816,3,2009952093,2033-09-10T08:01:33.000Z,imports,msvcrt.dll,_wcsicmp,574f1ab4dc697660aeca5482b88b1378,8e9f06bfda8c6021aca4ef96f10faa1fd59ce32bfa0ea60976c81ef7d8b37595,c:\Windows\SysWOW64\mfmp4srcsnk.dll
mfmp4srcsnk.dll,1867816,3,2009952093,2033-09-10T08:01:33.000Z,imports,msvcrt.dll,_wtof,574f1ab4dc697660aeca5482b88b1378,8e9f06bfda8c6021aca4ef96f10faa1fd59ce32bfa0ea60976c81ef7d8b37595,c:\Windows\SysWOW64\mfmp4srcsnk.dll
mfmp4srcsnk.dll,1867816,3,2009952093,2033-09-10T08:01:33.000Z,imports,msvcrt.dll,ceil,574f1ab4dc697660aeca5482b88b1378,8e9f06bfda8c6021aca4ef96f10faa1fd59ce32bfa0ea60976c81ef7d8b37595,c:\Windows\SysWOW64\mfmp4srcsnk.dll
mfmp4srcsnk.dll,1867816,3,2009952093,2033-09-10T08:01:33.000Z,imports,msvcrt.dll,floor,574f1ab4dc697660aeca5482b88b1378,8e9f06bfda8c6021aca4ef96f10faa1fd59ce32bfa0ea60976c81ef7d8b37595,c:\Windows\SysWOW64\mfmp4srcsnk.dll
mfmp4srcsnk.dll,1867816,3,2009952093,2033-09-10T08:01:33.000Z,imports,msvcrt.dll,free,574f1ab4dc697660aeca5482b88b1378,8e9f06bfda8c6021aca4ef96f10faa1fd59ce32bfa0ea60976c81ef7d8b37595,c:\Windows\SysWOW64\mfmp4srcsnk.dll
mfmp4srcsnk.dll,1867816,3,2009952093,2033-09-10T08:01:33.000Z,imports,msvcrt.dll,iswdigit,574f1ab4dc697660aeca5482b88b1378,8e9f06bfda8c6021aca4ef96f10faa1fd59ce32bfa0ea60976c81ef7d8b37595,c:\Windows\SysWOW64\mfmp4srcsnk.dll
mfmp4srcsnk.dll,1867816,3,2009952093,2033-09-10T08:01:33.000Z,imports,msvcrt.dll,malloc,574f1ab4dc697660aeca5482b88b1378,8e9f06bfda8c6021aca4ef96f10faa1fd59ce32bfa0ea60976c81ef7d8b37595,c:\Windows\SysWOW64\mfmp4srcsnk.dll
mfmp4srcsnk.dll,1867816,3,2009952093,2033-09-10T08:01:33.000Z,imports,msvcrt.dll,memcmp,574f1ab4dc697660aeca5482b88b1378,8e9f06bfda8c6021aca4ef96f10faa1fd59ce32bfa0ea60976c81ef7d8b37595,c:\Windows\SysWOW64\mfmp4srcsnk.dll
mfmp4srcsnk.dll,1867816,3,2009952093,2033-09-10T08:01:33.000Z,imports,msvcrt.dll,memcpy,574f1ab4dc697660aeca5482b88b1378,8e9f06bfda8c6021aca4ef96f10faa1fd59ce32bfa0ea60976c81ef7d8b37595,c:\Windows\SysWOW64\mfmp4srcsnk.dll
mfmp4srcsnk.dll,1867816,3,2009952093,2033-09-10T08:01:33.000Z,imports,msvcrt.dll,memcpy_s,574f1ab4dc697660aeca5482b88b1378,8e9f06bfda8c6021aca4ef96f10faa1fd59ce32bfa0ea60976c81ef7d8b37595,c:\Windows\SysWOW64\mfmp4srcsnk.dll
mfmp4srcsnk.dll,1867816,3,2009952093,2033-09-10T08:01:33.000Z,imports,msvcrt.dll,memmove,574f1ab4dc697660aeca5482b88b1378,8e9f06bfda8c6021aca4ef96f10faa1fd59ce32bfa0ea60976c81ef7d8b37595,c:\Windows\SysWOW64\mfmp4srcsnk.dll
mfmp4srcsnk.dll,1867816,3,2009952093,2033-09-10T08:01:33.000Z,imports,msvcrt.dll,memset,574f1ab4dc697660aeca5482b88b1378,8e9f06bfda8c6021aca4ef96f10faa1fd59ce32bfa0ea60976c81ef7d8b37595,c:\Windows\SysWOW64\mfmp4srcsnk.dll
mfmp4srcsnk.dll,1867816,3,2009952093,2033-09-10T08:01:33.000Z,imports,msvcrt.dll,qsort,574f1ab4dc697660aeca5482b88b1378,8e9f06bfda8c6021aca4ef96f10faa1fd59ce32bfa0ea60976c81ef7d8b37595,c:\Windows\SysWOW64\mfmp4srcsnk.dll
mfmp4srcsnk.dll,1867816,3,2009952093,2033-09-10T08:01:33.000Z,imports,msvcrt.dll,realloc,574f1ab4dc697660aeca5482b88b1378,8e9f06bfda8c6021aca4ef96f10faa1fd59ce32bfa0ea60976c81ef7d8b37595,c:\Windows\SysWOW64\mfmp4srcsnk.dll
mfmp4srcsnk.dll,1867816,3,2009952093,2033-09-10T08:01:33.000Z,imports,msvcrt.dll,sscanf_s,574f1ab4dc697660aeca5482b88b1378,8e9f06bfda8c6021aca4ef96f10faa1fd59ce32bfa0ea60976c81ef7d8b37595,c:\Windows\SysWOW64\mfmp4srcsnk.dll
mfmp4srcsnk.dll,1867816,3,2009952093,2033-09-10T08:01:33.000Z,imports,msvcrt.dll,strncpy_s,574f1ab4dc697660aeca5482b88b1378,8e9f06bfda8c6021aca4ef96f10faa1fd59ce32bfa0ea60976c81ef7d8b37595,c:\Windows\SysWOW64\mfmp4srcsnk.dll
mfmp4srcsnk.dll,1867816,3,2009952093,2033-09-10T08:01:33.000Z,imports,msvcrt.dll,strnlen,574f1ab4dc697660aeca5482b88b1378,8e9f06bfda8c6021aca4ef96f10faa1fd59ce32bfa0ea60976c81ef7d8b37595,c:\Windows\SysWOW64\mfmp4srcsnk.dll
mfmp4srcsnk.dll,1867816,3,2009952093,2033-09-10T08:01:33.000Z,imports,msvcrt.dll,swprintf_s,574f1ab4dc697660aeca5482b88b1378,8e9f06bfda8c6021aca4ef96f10faa1fd59ce32bfa0ea60976c81ef7d8b37595,c:\Windows\SysWOW64\mfmp4srcsnk.dll
mfmp4srcsnk.dll,1867816,3,2009952093,2033-09-10T08:01:33.000Z,imports,msvcrt.dll,swscanf_s,574f1ab4dc697660aeca5482b88b1378,8e9f06bfda8c6021aca4ef96f10faa1fd59ce32bfa0ea60976c81ef7d8b37595,c:\Windows\SysWOW64\mfmp4srcsnk.dll
mfmp4srcsnk.dll,1867816,3,2009952093,2033-09-10T08:01:33.000Z,imports,msvcrt.dll,wcscat_s,574f1ab4dc697660aeca5482b88b1378,8e9f06bfda8c6021aca4ef96f10faa1fd59ce32bfa0ea60976c81ef7d8b37595,c:\Windows\SysWOW64\mfmp4srcsnk.dll
mfmp4srcsnk.dll,1867816,3,2009952093,2033-09-10T08:01:33.000Z,imports,msvcrt.dll,wcsncmp,574f1ab4dc697660aeca5482b88b1378,8e9f06bfda8c6021aca4ef96f10faa1fd59ce32bfa0ea60976c81ef7d8b37595,c:\Windows\SysWOW64\mfmp4srcsnk.dll
mfmp4srcsnk.dll,1867816,3,2009952093,2033-09-10T08:01:33.000Z,imports,msvcrt.dll,wcsncpy_s,574f1ab4dc697660aeca5482b88b1378,8e9f06bfda8c6021aca4ef96f10faa1fd59ce32bfa0ea60976c81ef7d8b37595,c:\Windows\SysWOW64\mfmp4srcsnk.dll
mfmp4srcsnk.dll,1867816,3,2009952093,2033-09-10T08:01:33.000Z,imports,msvcrt.dll,wcsnlen,574f1ab4dc697660aeca5482b88b1378,8e9f06bfda8c6021aca4ef96f10faa1fd59ce32bfa0ea60976c81ef7d8b37595,c:\Windows\SysWOW64\mfmp4srcsnk.dll
mfmp4srcsnk.dll,1867816,3,2009952093,2033-09-10T08:01:33.000Z,imports,msvcrt.dll,wcstol,574f1ab4dc697660aeca5482b88b1378,8e9f06bfda8c6021aca4ef96f10faa1fd59ce32bfa0ea60976c81ef7d8b37595,c:\Windows\SysWOW64\mfmp4srcsnk.dll
mfmp4srcsnk.dll,1867816,3,2009952093,2033-09-10T08:01:33.000Z,imports,msvcrt.dll,wcstoul,574f1ab4dc697660aeca5482b88b1378,8e9f06bfda8c6021aca4ef96f10faa1fd59ce32bfa0ea60976c81ef7d8b37595,c:\Windows\SysWOW64\mfmp4srcsnk.dll
mfmp4srcsnk.dll,1867816,3,2009952093,2033-09-10T08:01:33.000Z,imports,api-ms-win-core-libraryloader-l1-2-0.dll,DisableThreadLibraryCalls,574f1ab4dc697660aeca5482b88b1378,8e9f06bfda8c6021aca4ef96f10faa1fd59ce32bfa0ea60976c81ef7d8b37595,c:\Windows\SysWOW64\mfmp4srcsnk.dll
mfmp4srcsnk.dll,1867816,3,2009952093,2033-09-10T08:01:33.000Z,imports,api-ms-win-core-libraryloader-l1-2-0.dll,FindResourceExW,574f1ab4dc697660aeca5482b88b1378,8e9f06bfda8c6021aca4ef96f10faa1fd59ce32bfa0ea60976c81ef7d8b37595,c:\Windows\SysWOW64\mfmp4srcsnk.dll
mfmp4srcsnk.dll,1867816,3,2009952093,2033-09-10T08:01:33.000Z,imports,api-ms-win-core-libraryloader-l1-2-0.dll,FindStringOrdinal,574f1ab4dc697660aeca5482b88b1378,8e9f06bfda8c6021aca4ef96f10faa1fd59ce32bfa0ea60976c81ef7d8b37595,c:\Windows\SysWOW64\mfmp4srcsnk.dll
mfmp4srcsnk.dll,1867816,3,2009952093,2033-09-10T08:01:33.000Z,imports,api-ms-win-core-libraryloader-l1-2-0.dll,FreeLibrary,574f1ab4dc697660aeca5482b88b1378,8e9f06bfda8c6021aca4ef96f10faa1fd59ce32bfa0ea60976c81ef7d8b37595,c:\Windows\SysWOW64\mfmp4srcsnk.dll
mfmp4srcsnk.dll,1867816,3,2009952093,2033-09-10T08:01:33.000Z,imports,api-ms-win-core-libraryloader-l1-2-0.dll,GetModuleFileNameA,574f1ab4dc697660aeca5482b88b1378,8e9f06bfda8c6021aca4ef96f10faa1fd59ce32bfa0ea60976c81ef7d8b37595,c:\Windows\SysWOW64\mfmp4srcsnk.dll
mfmp4srcsnk.dll,1867816,3,2009952093,2033-09-10T08:01:33.000Z,imports,api-ms-win-core-libraryloader-l1-2-0.dll,GetModuleFileNameW,574f1ab4dc697660aeca5482b88b1378,8e9f06bfda8c6021aca4ef96f10faa1fd59ce32bfa0ea60976c81ef7d8b37595,c:\Windows\SysWOW64\mfmp4srcsnk.dll
mfmp4srcsnk.dll,1867816,3,2009952093,2033-09-10T08:01:33.000Z,imports,api-ms-win-core-libraryloader-l1-2-0.dll,GetModuleHandleExW,574f1ab4dc697660aeca5482b88b1378,8e9f06bfda8c6021aca4ef96f10faa1fd59ce32bfa0ea60976c81ef7d8b37595,c:\Windows\SysWOW64\mfmp4srcsnk.dll
mfmp4srcsnk.dll,1867816,3,2009952093,2033-09-10T08:01:33.000Z,imports,api-ms-win-core-libraryloader-l1-2-0.dll,GetModuleHandleW,574f1ab4dc697660aeca5482b88b1378,8e9f06bfda8c6021aca4ef96f10faa1fd59ce32bfa0ea60976c81ef7d8b37595,c:\Windows\SysWOW64\mfmp4srcsnk.dll
mfmp4srcsnk.dll,1867816,3,2009952093,2033-09-10T08:01:33.000Z,imports,api-ms-win-core-libraryloader-l1-2-0.dll,GetProcAddress,574f1ab4dc697660aeca5482b88b1378,8e9f06bfda8c6021aca4ef96f10faa1fd59ce32bfa0ea60976c81ef7d8b37595,c:\Windows\SysWOW64\mfmp4srcsnk.dll
mfmp4srcsnk.dll,1867816,3,2009952093,2033-09-10T08:01:33.000Z,imports,api-ms-win-core-libraryloader-l1-2-0.dll,LoadLibraryExW,574f1ab4dc697660aeca5482b88b1378,8e9f06bfda8c6021aca4ef96f10faa1fd59ce32bfa0ea60976c81ef7d8b37595,c:\Windows\SysWOW64\mfmp4srcsnk.dll
mfmp4srcsnk.dll,1867816,3,2009952093,2033-09-10T08:01:33.000Z,imports,api-ms-win-core-libraryloader-l1-2-0.dll,LoadResource,574f1ab4dc697660aeca5482b88b1378,8e9f06bfda8c6021aca4ef96f10faa1fd59ce32bfa0ea60976c81ef7d8b37595,c:\Windows\SysWOW64\mfmp4srcsnk.dll
mfmp4srcsnk.dll,1867816,3,2009952093,2033-09-10T08:01:33.000Z,imports,api-ms-win-core-libraryloader-l1-2-0.dll,LoadStringW,574f1ab4dc697660aeca5482b88b1378,8e9f06bfda8c6021aca4ef96f10faa1fd59ce32bfa0ea60976c81ef7d8b37595,c:\Windows\SysWOW64\mfmp4srcsnk.dll
mfmp4srcsnk.dll,1867816,3,2009952093,2033-09-10T08:01:33.000Z,imports,api-ms-win-core-libraryloader-l1-2-0.dll,SizeofResource,574f1ab4dc697660aeca5482b88b1378,8e9f06bfda8c6021aca4ef96f10faa1fd59ce32bfa0ea60976c81ef7d8b37595,c:\Windows\SysWOW64\mfmp4srcsnk.dll
mfmp4srcsnk.dll,1867816,3,2009952093,2033-09-10T08:01:33.000Z,imports,api-ms-win-core-errorhandling-l1-1-0.dll,GetLastError,574f1ab4dc697660aeca5482b88b1378,8e9f06bfda8c6021aca4ef96f10faa1fd59ce32bfa0ea60976c81ef7d8b37595,c:\Windows\SysWOW64\mfmp4srcsnk.dll
mfmp4srcsnk.dll,1867816,3,2009952093,2033-09-10T08:01:33.000Z,imports,api-ms-win-core-errorhandling-l1-1-0.dll,RaiseException,574f1ab4dc697660aeca5482b88b1378,8e9f06bfda8c6021aca4ef96f10faa1fd59ce32bfa0ea60976c81ef7d8b37595,c:\Windows\SysWOW64\mfmp4srcsnk.dll
mfmp4srcsnk.dll,1867816,3,2009952093,2033-09-10T08:01:33.000Z,imports,api-ms-win-core-errorhandling-l1-1-0.dll,SetLastError,574f1ab4dc697660aeca5482b88b1378,8e9f06bfda8c6021aca4ef96f10faa1fd59ce32bfa0ea60976c81ef7d8b37595,c:\Windows\SysWOW64\mfmp4srcsnk.dll
mfmp4srcsnk.dll,1867816,3,2009952093,2033-09-10T08:01:33.000Z,imports,api-ms-win-core-errorhandling-l1-1-0.dll,SetUnhandledExceptionFilter,574f1ab4dc697660aeca5482b88b1378,8e9f06bfda8c6021aca4ef96f10faa1fd59ce32bfa0ea60976c81ef7d8b37595,c:\Windows\SysWOW64\mfmp4srcsnk.dll
mfmp4srcsnk.dll,1867816,3,2009952093,2033-09-10T08:01:33.000Z,imports,api-ms-win-core-errorhandling-l1-1-0.dll,UnhandledExceptionFilter,574f1ab4dc697660aeca5482b88b1378,8e9f06bfda8c6021aca4ef96f10faa1fd59ce32bfa0ea60976c81ef7d8b37595,c:\Windows\SysWOW64\mfmp4srcsnk.dll
mfmp4srcsnk.dll,1867816,3,2009952093,2033-09-10T08:01:33.000Z,imports,api-ms-win-core-synch-l1-1-0.dll,AcquireSRWLockExclusive,574f1ab4dc697660aeca5482b88b1378,8e9f06bfda8c6021aca4ef96f10faa1fd59ce32bfa0ea60976c81ef7d8b37595,c:\Windows\SysWOW64\mfmp4srcsnk.dll
mfmp4srcsnk.dll,1867816,3,2009952093,2033-09-10T08:01:33.000Z,imports,api-ms-win-core-synch-l1-1-0.dll,CreateEventW,574f1ab4dc697660aeca5482b88b1378,8e9f06bfda8c6021aca4ef96f10faa1fd59ce32bfa0ea60976c81ef7d8b37595,c:\Windows\SysWOW64\mfmp4srcsnk.dll
mfmp4srcsnk.dll,1867816,3,2009952093,2033-09-10T08:01:33.000Z,imports,api-ms-win-core-synch-l1-1-0.dll,CreateMutexExW,574f1ab4dc697660aeca5482b88b1378,8e9f06bfda8c6021aca4ef96f10faa1fd59ce32bfa0ea60976c81ef7d8b37595,c:\Windows\SysWOW64\mfmp4srcsnk.dll
mfmp4srcsnk.dll,1867816,3,2009952093,2033-09-10T08:01:33.000Z,imports,api-ms-win-core-synch-l1-1-0.dll,CreateSemaphoreExW,574f1ab4dc697660aeca5482b88b1378,8e9f06bfda8c6021aca4ef96f10faa1fd59ce32bfa0ea60976c81ef7d8b37595,c:\Windows\SysWOW64\mfmp4srcsnk.dll
mfmp4srcsnk.dll,1867816,3,2009952093,2033-09-10T08:01:33.000Z,imports,api-ms-win-core-synch-l1-1-0.dll,DeleteCriticalSection,574f1ab4dc697660aeca5482b88b1378,8e9f06bfda8c6021aca4ef96f10faa1fd59ce32bfa0ea60976c81ef7d8b37595,c:\Windows\SysWOW64\mfmp4srcsnk.dll
mfmp4srcsnk.dll,1867816,3,2009952093,2033-09-10T08:01:33.000Z,imports,api-ms-win-core-synch-l1-1-0.dll,EnterCriticalSection,574f1ab4dc697660aeca5482b88b1378,8e9f06bfda8c6021aca4ef96f10faa1fd59ce32bfa0ea60976c81ef7d8b37595,c:\Windows\SysWOW64\mfmp4srcsnk.dll
mfmp4srcsnk.dll,1867816,3,2009952093,2033-09-10T08:01:33.000Z,imports,api-ms-win-core-synch-l1-1-0.dll,InitializeCriticalSection,574f1ab4dc697660aeca5482b88b1378,8e9f06bfda8c6021aca4ef96f10faa1fd59ce32bfa0ea60976c81ef7d8b37595,c:\Windows\SysWOW64\mfmp4srcsnk.dll
mfmp4srcsnk.dll,1867816,3,2009952093,2033-09-10T08:01:33.000Z,imports,api-ms-win-core-synch-l1-1-0.dll,LeaveCriticalSection,574f1ab4dc697660aeca5482b88b1378,8e9f06bfda8c6021aca4ef96f10faa1fd59ce32bfa0ea60976c81ef7d8b37595,c:\Windows\SysWOW64\mfmp4srcsnk.dll
mfmp4srcsnk.dll,1867816,3,2009952093,2033-09-10T08:01:33.000Z,imports,api-ms-win-core-synch-l1-1-0.dll,OpenSemaphoreW,574f1ab4dc697660aeca5482b88b1378,8e9f06bfda8c6021aca4ef96f10faa1fd59ce32bfa0ea60976c81ef7d8b37595,c:\Windows\SysWOW64\mfmp4srcsnk.dll
mfmp4srcsnk.dll,1867816,3,2009952093,2033-09-10T08:01:33.000Z,imports,api-ms-win-core-synch-l1-1-0.dll,ReleaseMutex,574f1ab4dc697660aeca5482b88b1378,8e9f06bfda8c6021aca4ef96f10faa1fd59ce32bfa0ea60976c81ef7d8b37595,c:\Windows\SysWOW64\mfmp4srcsnk.dll
mfmp4srcsnk.dll,1867816,3,2009952093,2033-09-10T08:01:33.000Z,imports,api-ms-win-core-synch-l1-1-0.dll,ReleaseSRWLockExclusive,574f1ab4dc697660aeca5482b88b1378,8e9f06bfda8c6021aca4ef96f10faa1fd59ce32bfa0ea60976c81ef7d8b37595,c:\Windows\SysWOW64\mfmp4srcsnk.dll
mfmp4srcsnk.dll,1867816,3,2009952093,2033-09-10T08:01:33.000Z,imports,api-ms-win-core-synch-l1-1-0.dll,ReleaseSemaphore,574f1ab4dc697660aeca5482b88b1378,8e9f06bfda8c6021aca4ef96f10faa1fd59ce32bfa0ea60976c81ef7d8b37595,c:\Windows\SysWOW64\mfmp4srcsnk.dll
mfmp4srcsnk.dll,1867816,3,2009952093,2033-09-10T08:01:33.000Z,imports,api-ms-win-core-synch-l1-1-0.dll,ResetEvent,574f1ab4dc697660aeca5482b88b1378,8e9f06bfda8c6021aca4ef96f10faa1fd59ce32bfa0ea60976c81ef7d8b37595,c:\Windows\SysWOW64\mfmp4srcsnk.dll
mfmp4srcsnk.dll,1867816,3,2009952093,2033-09-10T08:01:33.000Z,imports,api-ms-win-core-synch-l1-1-0.dll,SetEvent,574f1ab4dc697660aeca5482b88b1378,8e9f06bfda8c6021aca4ef96f10faa1fd59ce32bfa0ea60976c81ef7d8b37595,c:\Windows\SysWOW64\mfmp4srcsnk.dll
mfmp4srcsnk.dll,1867816,3,2009952093,2033-09-10T08:01:33.000Z,imports,api-ms-win-core-synch-l1-1-0.dll,WaitForSingleObject,574f1ab4dc697660aeca5482b88b1378,8e9f06bfda8c6021aca4ef96f10faa1fd59ce32bfa0ea60976c81ef7d8b37595,c:\Windows\SysWOW64\mfmp4srcsnk.dll
mfmp4srcsnk.dll,1867816,3,2009952093,2033-09-10T08:01:33.000Z,imports,api-ms-win-core-synch-l1-1-0.dll,WaitForSingleObjectEx,574f1ab4dc697660aeca5482b88b1378,8e9f06bfda8c6021aca4ef96f10faa1fd59ce32bfa0ea60976c81ef7d8b37595,c:\Windows\SysWOW64\mfmp4srcsnk.dll
mfmp4srcsnk.dll,1867816,3,2009952093,2033-09-10T08:01:33.000Z,imports,api-ms-win-core-registry-l1-1-0.dll,RegCloseKey,574f1ab4dc697660aeca5482b88b1378,8e9f06bfda8c6021aca4ef96f10faa1fd59ce32bfa0ea60976c81ef7d8b37595,c:\Windows\SysWOW64\mfmp4srcsnk.dll
mfmp4srcsnk.dll,1867816,3,2009952093,2033-09-10T08:01:33.000Z,imports,api-ms-win-core-registry-l1-1-0.dll,RegCreateKeyExW,574f1ab4dc697660aeca5482b88b1378,8e9f06bfda8c6021aca4ef96f10faa1fd59ce32bfa0ea60976c81ef7d8b37595,c:\Windows\SysWOW64\mfmp4srcsnk.dll
mfmp4srcsnk.dll,1867816,3,2009952093,2033-09-10T08:01:33.000Z,imports,api-ms-win-core-registry-l1-1-0.dll,RegDeleteValueW,574f1ab4dc697660aeca5482b88b1378,8e9f06bfda8c6021aca4ef96f10faa1fd59ce32bfa0ea60976c81ef7d8b37595,c:\Windows\SysWOW64\mfmp4srcsnk.dll
mfmp4srcsnk.dll,1867816,3,2009952093,2033-09-10T08:01:33.000Z,imports,api-ms-win-core-registry-l1-1-0.dll,RegEnumKeyExW,574f1ab4dc697660aeca5482b88b1378,8e9f06bfda8c6021aca4ef96f10faa1fd59ce32bfa0ea60976c81ef7d8b37595,c:\Windows\SysWOW64\mfmp4srcsnk.dll
mfmp4srcsnk.dll,1867816,3,2009952093,2033-09-10T08:01:33.000Z,imports,api-ms-win-core-registry-l1-1-0.dll,RegGetValueW,574f1ab4dc697660aeca5482b88b1378,8e9f06bfda8c6021aca4ef96f10faa1fd59ce32bfa0ea60976c81ef7d8b37595,c:\Windows\SysWOW64\mfmp4srcsnk.dll
mfmp4srcsnk.dll,1867816,3,2009952093,2033-09-10T08:01:33.000Z,imports,api-ms-win-core-registry-l1-1-0.dll,RegOpenKeyExW,574f1ab4dc697660aeca5482b88b1378,8e9f06bfda8c6021aca4ef96f10faa1fd59ce32bfa0ea60976c81ef7d8b37595,c:\Windows\SysWOW64\mfmp4srcsnk.dll
mfmp4srcsnk.dll,1867816,3,2009952093,2033-09-10T08:01:33.000Z,imports,api-ms-win-core-registry-l1-1-0.dll,RegQueryInfoKeyW,574f1ab4dc697660aeca5482b88b1378,8e9f06bfda8c6021aca4ef96f10faa1fd59ce32bfa0ea60976c81ef7d8b37595,c:\Windows\SysWOW64\mfmp4srcsnk.dll
mfmp4srcsnk.dll,1867816,3,2009952093,2033-09-10T08:01:33.000Z,imports,api-ms-win-core-registry-l1-1-0.dll,RegSetValueExW,574f1ab4dc697660aeca5482b88b1378,8e9f06bfda8c6021aca4ef96f10faa1fd59ce32bfa0ea60976c81ef7d8b37595,c:\Windows\SysWOW64\mfmp4srcsnk.dll
mfmp4srcsnk.dll,1867816,3,2009952093,2033-09-10T08:01:33.000Z,imports,api-ms-win-eventing-provider-l1-1-0.dll,EventRegister,574f1ab4dc697660aeca5482b88b1378,8e9f06bfda8c6021aca4ef96f10faa1fd59ce32bfa0ea60976c81ef7d8b37595,c:\Windows\SysWOW64\mfmp4srcsnk.dll
mfmp4srcsnk.dll,1867816,3,2009952093,2033-09-10T08:01:33.000Z,imports,api-ms-win-eventing-provider-l1-1-0.dll,EventSetInformation,574f1ab4dc697660aeca5482b88b1378,8e9f06bfda8c6021aca4ef96f10faa1fd59ce32bfa0ea60976c81ef7d8b37595,c:\Windows\SysWOW64\mfmp4srcsnk.dll
mfmp4srcsnk.dll,1867816,3,2009952093,2033-09-10T08:01:33.000Z,imports,api-ms-win-eventing-provider-l1-1-0.dll,EventUnregister,574f1ab4dc697660aeca5482b88b1378,8e9f06bfda8c6021aca4ef96f10faa1fd59ce32bfa0ea60976c81ef7d8b37595,c:\Windows\SysWOW64\mfmp4srcsnk.dll
mfmp4srcsnk.dll,1867816,3,2009952093,2033-09-10T08:01:33.000Z,imports,api-ms-win-eventing-provider-l1-1-0.dll,EventWriteTransfer,574f1ab4dc697660aeca5482b88b1378,8e9f06bfda8c6021aca4ef96f10faa1fd59ce32bfa0ea60976c81ef7d8b37595,c:\Windows\SysWOW64\mfmp4srcsnk.dll
mfmp4srcsnk.dll,1867816,3,2009952093,2033-09-10T08:01:33.000Z,imports,api-ms-win-eventing-classicprovider-l1-1-0.dll,GetTraceEnableFlags,574f1ab4dc697660aeca5482b88b1378,8e9f06bfda8c6021aca4ef96f10faa1fd59ce32bfa0ea60976c81ef7d8b37595,c:\Windows\SysWOW64\mfmp4srcsnk.dll
mfmp4srcsnk.dll,1867816,3,2009952093,2033-09-10T08:01:33.000Z,imports,api-ms-win-eventing-classicprovider-l1-1-0.dll,GetTraceEnableLevel,574f1ab4dc697660aeca5482b88b1378,8e9f06bfda8c6021aca4ef96f10faa1fd59ce32bfa0ea60976c81ef7d8b37595,c:\Windows\SysWOW64\mfmp4srcsnk.dll
mfmp4srcsnk.dll,1867816,3,2009952093,2033-09-10T08:01:33.000Z,imports,api-ms-win-eventing-classicprovider-l1-1-0.dll,GetTraceLoggerHandle,574f1ab4dc697660aeca5482b88b1378,8e9f06bfda8c6021aca4ef96f10faa1fd59ce32bfa0ea60976c81ef7d8b37595,c:\Windows\SysWOW64\mfmp4srcsnk.dll
mfmp4srcsnk.dll,1867816,3,2009952093,2033-09-10T08:01:33.000Z,imports,api-ms-win-eventing-classicprovider-l1-1-0.dll,RegisterTraceGuidsW,574f1ab4dc697660aeca5482b88b1378,8e9f06bfda8c6021aca4ef96f10faa1fd59ce32bfa0ea60976c81ef7d8b37595,c:\Windows\SysWOW64\mfmp4srcsnk.dll
mfmp4srcsnk.dll,1867816,3,2009952093,2033-09-10T08:01:33.000Z,imports,api-ms-win-eventing-classicprovider-l1-1-0.dll,TraceMessage,574f1ab4dc697660aeca5482b88b1378,8e9f06bfda8c6021aca4ef96f10faa1fd59ce32bfa0ea60976c81ef7d8b37595,c:\Windows\SysWOW64\mfmp4srcsnk.dll
mfmp4srcsnk.dll,1867816,3,2009952093,2033-09-10T08:01:33.000Z,imports,api-ms-win-eventing-classicprovider-l1-1-0.dll,UnregisterTraceGuids,574f1ab4dc697660aeca5482b88b1378,8e9f06bfda8c6021aca4ef96f10faa1fd59ce32bfa0ea60976c81ef7d8b37595,c:\Windows\SysWOW64\mfmp4srcsnk.dll
mfmp4srcsnk.dll,1867816,3,2009952093,2033-09-10T08:01:33.000Z,imports,api-ms-win-core-string-l2-1-0.dll,CharNextW,574f1ab4dc697660aeca5482b88b1378,8e9f06bfda8c6021aca4ef96f10faa1fd59ce32bfa0ea60976c81ef7d8b37595,c:\Windows\SysWOW64\mfmp4srcsnk.dll
mfmp4srcsnk.dll,1867816,3,2009952093,2033-09-10T08:01:33.000Z,imports,api-ms-win-core-string-l1-1-0.dll,CompareStringOrdinal,574f1ab4dc697660aeca5482b88b1378,8e9f06bfda8c6021aca4ef96f10faa1fd59ce32bfa0ea60976c81ef7d8b37595,c:\Windows\SysWOW64\mfmp4srcsnk.dll
mfmp4srcsnk.dll,1867816,3,2009952093,2033-09-10T08:01:33.000Z,imports,api-ms-win-core-string-l1-1-0.dll,MultiByteToWideChar,574f1ab4dc697660aeca5482b88b1378,8e9f06bfda8c6021aca4ef96f10faa1fd59ce32bfa0ea60976c81ef7d8b37595,c:\Windows\SysWOW64\mfmp4srcsnk.dll
mfmp4srcsnk.dll,1867816,3,2009952093,2033-09-10T08:01:33.000Z,imports,api-ms-win-core-string-l1-1-0.dll,WideCharToMultiByte,574f1ab4dc697660aeca5482b88b1378,8e9f06bfda8c6021aca4ef96f10faa1fd59ce32bfa0ea60976c81ef7d8b37595,c:\Windows\SysWOW64\mfmp4srcsnk.dll
mfmp4srcsnk.dll,1867816,3,2009952093,2033-09-10T08:01:33.000Z,imports,api-ms-win-core-processthreads-l1-1-0.dll,GetCurrentProcess,574f1ab4dc697660aeca5482b88b1378,8e9f06bfda8c6021aca4ef96f10faa1fd59ce32bfa0ea60976c81ef7d8b37595,c:\Windows\SysWOW64\mfmp4srcsnk.dll
mfmp4srcsnk.dll,1867816,3,2009952093,2033-09-10T08:01:33.000Z,imports,api-ms-win-core-processthreads-l1-1-0.dll,GetCurrentProcessId,574f1ab4dc697660aeca5482b88b1378,8e9f06bfda8c6021aca4ef96f10faa1fd59ce32bfa0ea60976c81ef7d8b37595,c:\Windows\SysWOW64\mfmp4srcsnk.dll
mfmp4srcsnk.dll,1867816,3,2009952093,2033-09-10T08:01:33.000Z,imports,api-ms-win-core-processthreads-l1-1-0.dll,GetCurrentThreadId,574f1ab4dc697660aeca5482b88b1378,8e9f06bfda8c6021aca4ef96f10faa1fd59ce32bfa0ea60976c81ef7d8b37595,c:\Windows\SysWOW64\mfmp4srcsnk.dll
mfmp4srcsnk.dll,1867816,3,2009952093,2033-09-10T08:01:33.000Z,imports,api-ms-win-core-processthreads-l1-1-0.dll,TerminateProcess,574f1ab4dc697660aeca5482b88b1378,8e9f06bfda8c6021aca4ef96f10faa1fd59ce32bfa0ea60976c81ef7d8b37595,c:\Windows\SysWOW64\mfmp4srcsnk.dll
mfmp4srcsnk.dll,1867816,3,2009952093,2033-09-10T08:01:33.000Z,imports,api-ms-win-core-processthreads-l1-1-0.dll,TlsGetValue,574f1ab4dc697660aeca5482b88b1378,8e9f06bfda8c6021aca4ef96f10faa1fd59ce32bfa0ea60976c81ef7d8b37595,c:\Windows\SysWOW64\mfmp4srcsnk.dll
mfmp4srcsnk.dll,1867816,3,2009952093,2033-09-10T08:01:33.000Z,imports,api-ms-win-core-processthreads-l1-1-0.dll,TlsSetValue,574f1ab4dc697660aeca5482b88b1378,8e9f06bfda8c6021aca4ef96f10faa1fd59ce32bfa0ea60976c81ef7d8b37595,c:\Windows\SysWOW64\mfmp4srcsnk.dll
mfmp4srcsnk.dll,1867816,3,2009952093,2033-09-10T08:01:33.000Z,imports,api-ms-win-core-string-obsolete-l1-1-0.dll,lstrcmpiW,574f1ab4dc697660aeca5482b88b1378,8e9f06bfda8c6021aca4ef96f10faa1fd59ce32bfa0ea60976c81ef7d8b37595,c:\Windows\SysWOW64\mfmp4srcsnk.dll
mfmp4srcsnk.dll,1867816,3,2009952093,2033-09-10T08:01:33.000Z,imports,api-ms-win-core-heap-l1-1-0.dll,GetProcessHeap,574f1ab4dc697660aeca5482b88b1378,8e9f06bfda8c6021aca4ef96f10faa1fd59ce32bfa0ea60976c81ef7d8b37595,c:\Windows\SysWOW64\mfmp4srcsnk.dll
mfmp4srcsnk.dll,1867816,3,2009952093,2033-09-10T08:01:33.000Z,imports,api-ms-win-core-heap-l1-1-0.dll,HeapAlloc,574f1ab4dc697660aeca5482b88b1378,8e9f06bfda8c6021aca4ef96f10faa1fd59ce32bfa0ea60976c81ef7d8b37595,c:\Windows\SysWOW64\mfmp4srcsnk.dll
mfmp4srcsnk.dll,1867816,3,2009952093,2033-09-10T08:01:33.000Z,imports,api-ms-win-core-heap-l1-1-0.dll,HeapFree,574f1ab4dc697660aeca5482b88b1378,8e9f06bfda8c6021aca4ef96f10faa1fd59ce32bfa0ea60976c81ef7d8b37595,c:\Windows\SysWOW64\mfmp4srcsnk.dll
mfmp4srcsnk.dll,1867816,3,2009952093,2033-09-10T08:01:33.000Z,imports,api-ms-win-core-timezone-l1-1-0.dll,FileTimeToSystemTime,574f1ab4dc697660aeca5482b88b1378,8e9f06bfda8c6021aca4ef96f10faa1fd59ce32bfa0ea60976c81ef7d8b37595,c:\Windows\SysWOW64\mfmp4srcsnk.dll
mfmp4srcsnk.dll,1867816,3,2009952093,2033-09-10T08:01:33.000Z,imports,api-ms-win-core-timezone-l1-1-0.dll,GetTimeZoneInformation,574f1ab4dc697660aeca5482b88b1378,8e9f06bfda8c6021aca4ef96f10faa1fd59ce32bfa0ea60976c81ef7d8b37595,c:\Windows\SysWOW64\mfmp4srcsnk.dll
mfmp4srcsnk.dll,1867816,3,2009952093,2033-09-10T08:01:33.000Z,imports,api-ms-win-core-timezone-l1-1-0.dll,SystemTimeToFileTime,574f1ab4dc697660aeca5482b88b1378,8e9f06bfda8c6021aca4ef96f10faa1fd59ce32bfa0ea60976c81ef7d8b37595,c:\Windows\SysWOW64\mfmp4srcsnk.dll
mfmp4srcsnk.dll,1867816,3,2009952093,2033-09-10T08:01:33.000Z,imports,api-ms-win-core-timezone-l1-1-0.dll,SystemTimeToTzSpecificLocalTime,574f1ab4dc697660aeca5482b88b1378,8e9f06bfda8c6021aca4ef96f10faa1fd59ce32bfa0ea60976c81ef7d8b37595,c:\Windows\SysWOW64\mfmp4srcsnk.dll
mfmp4srcsnk.dll,1867816,3,2009952093,2033-09-10T08:01:33.000Z,imports,api-ms-win-core-timezone-l1-1-0.dll,TzSpecificLocalTimeToSystemTime,574f1ab4dc697660aeca5482b88b1378,8e9f06bfda8c6021aca4ef96f10faa1fd59ce32bfa0ea60976c81ef7d8b37595,c:\Windows\SysWOW64\mfmp4srcsnk.dll
mfmp4srcsnk.dll,1867816,3,2009952093,2033-09-10T08:01:33.000Z,imports,api-ms-win-core-url-l1-1-0.dll,HashData,574f1ab4dc697660aeca5482b88b1378,8e9f06bfda8c6021aca4ef96f10faa1fd59ce32bfa0ea60976c81ef7d8b37595,c:\Windows\SysWOW64\mfmp4srcsnk.dll
mfmp4srcsnk.dll,1867816,3,2009952093,2033-09-10T08:01:33.000Z,imports,api-ms-win-core-debug-l1-1-0.dll,DebugBreak,574f1ab4dc697660aeca5482b88b1378,8e9f06bfda8c6021aca4ef96f10faa1fd59ce32bfa0ea60976c81ef7d8b37595,c:\Windows\SysWOW64\mfmp4srcsnk.dll
mfmp4srcsnk.dll,1867816,3,2009952093,2033-09-10T08:01:33.000Z,imports,api-ms-win-core-debug-l1-1-0.dll,IsDebuggerPresent,574f1ab4dc697660aeca5482b88b1378,8e9f06bfda8c6021aca4ef96f10faa1fd59ce32bfa0ea60976c81ef7d8b37595,c:\Windows\SysWOW64\mfmp4srcsnk.dll
mfmp4srcsnk.dll,1867816,3,2009952093,2033-09-10T08:01:33.000Z,imports,api-ms-win-core-debug-l1-1-0.dll,OutputDebugStringA,574f1ab4dc697660aeca5482b88b1378,8e9f06bfda8c6021aca4ef96f10faa1fd59ce32bfa0ea60976c81ef7d8b37595,c:\Windows\SysWOW64\mfmp4srcsnk.dll
mfmp4srcsnk.dll,1867816,3,2009952093,2033-09-10T08:01:33.000Z,imports,api-ms-win-core-debug-l1-1-0.dll,OutputDebugStringW,574f1ab4dc697660aeca5482b88b1378,8e9f06bfda8c6021aca4ef96f10faa1fd59ce32bfa0ea60976c81ef7d8b37595,c:\Windows\SysWOW64\mfmp4srcsnk.dll
mfmp4srcsnk.dll,1867816,3,2009952093,2033-09-10T08:01:33.000Z,imports,api-ms-win-core-threadpool-l1-2-0.dll,CloseThreadpoolTimer,574f1ab4dc697660aeca5482b88b1378,8e9f06bfda8c6021aca4ef96f10faa1fd59ce32bfa0ea60976c81ef7d8b37595,c:\Windows\SysWOW64\mfmp4srcsnk.dll
mfmp4srcsnk.dll,1867816,3,2009952093,2033-09-10T08:01:33.000Z,imports,api-ms-win-core-threadpool-l1-2-0.dll,CreateThreadpoolTimer,574f1ab4dc697660aeca5482b88b1378,8e9f06bfda8c6021aca4ef96f10faa1fd59ce32bfa0ea60976c81ef7d8b37595,c:\Windows\SysWOW64\mfmp4srcsnk.dll
mfmp4srcsnk.dll,1867816,3,2009952093,2033-09-10T08:01:33.000Z,imports,api-ms-win-core-threadpool-l1-2-0.dll,SetThreadpoolTimer,574f1ab4dc697660aeca5482b88b1378,8e9f06bfda8c6021aca4ef96f10faa1fd59ce32bfa0ea60976c81ef7d8b37595,c:\Windows\SysWOW64\mfmp4srcsnk.dll
mfmp4srcsnk.dll,1867816,3,2009952093,2033-09-10T08:01:33.000Z,imports,api-ms-win-core-threadpool-l1-2-0.dll,WaitForThreadpoolTimerCallbacks,574f1ab4dc697660aeca5482b88b1378,8e9f06bfda8c6021aca4ef96f10faa1fd59ce32bfa0ea60976c81ef7d8b37595,c:\Windows\SysWOW64\mfmp4srcsnk.dll
mfmp4srcsnk.dll,1867816,3,2009952093,2033-09-10T08:01:33.000Z,imports,api-ms-win-core-featurestaging-l1-1-0.dll,GetFeatureEnabledState,574f1ab4dc697660aeca5482b88b1378,8e9f06bfda8c6021aca4ef96f10faa1fd59ce32bfa0ea60976c81ef7d8b37595,c:\Windows\SysWOW64\mfmp4srcsnk.dll
mfmp4srcsnk.dll,1867816,3,2009952093,2033-09-10T08:01:33.000Z,imports,api-ms-win-core-featurestaging-l1-1-0.dll,RecordFeatureUsage,574f1ab4dc697660aeca5482b88b1378,8e9f06bfda8c6021aca4ef96f10faa1fd59ce32bfa0ea60976c81ef7d8b37595,c:\Windows\SysWOW64\mfmp4srcsnk.dll
mfmp4srcsnk.dll,1867816,3,2009952093,2033-09-10T08:01:33.000Z,imports,api-ms-win-core-featurestaging-l1-1-0.dll,SubscribeFeatureStateChangeNotification,574f1ab4dc697660aeca5482b88b1378,8e9f06bfda8c6021aca4ef96f10faa1fd59ce32bfa0ea60976c81ef7d8b37595,c:\Windows\SysWOW64\mfmp4srcsnk.dll
mfmp4srcsnk.dll,1867816,3,2009952093,2033-09-10T08:01:33.000Z,imports,api-ms-win-core-featurestaging-l1-1-0.dll,UnsubscribeFeatureStateChangeNotification,574f1ab4dc697660aeca5482b88b1378,8e9f06bfda8c6021aca4ef96f10faa1fd59ce32bfa0ea60976c81ef7d8b37595,c:\Windows\SysWOW64\mfmp4srcsnk.dll
mfmp4srcsnk.dll,1867816,3,2009952093,2033-09-10T08:01:33.000Z,imports,api-ms-win-core-localization-l1-2-0.dll,FormatMessageW,574f1ab4dc697660aeca5482b88b1378,8e9f06bfda8c6021aca4ef96f10faa1fd59ce32bfa0ea60976c81ef7d8b37595,c:\Windows\SysWOW64\mfmp4srcsnk.dll
mfmp4srcsnk.dll,1867816,3,2009952093,2033-09-10T08:01:33.000Z,imports,api-ms-win-core-handle-l1-1-0.dll,CloseHandle,574f1ab4dc697660aeca5482b88b1378,8e9f06bfda8c6021aca4ef96f10faa1fd59ce32bfa0ea60976c81ef7d8b37595,c:\Windows\SysWOW64\mfmp4srcsnk.dll
mfmp4srcsnk.dll,1867816,3,2009952093,2033-09-10T08:01:33.000Z,imports,api-ms-win-core-heap-l2-1-0.dll,LocalFree,574f1ab4dc697660aeca5482b88b1378,8e9f06bfda8c6021aca4ef96f10faa1fd59ce32bfa0ea60976c81ef7d8b37595,c:\Windows\SysWOW64\mfmp4srcsnk.dll
mfmp4srcsnk.dll,1867816,3,2009952093,2033-09-10T08:01:33.000Z,imports,api-ms-win-core-winrt-l1-1-0.dll,RoActivateInstance,574f1ab4dc697660aeca5482b88b1378,8e9f06bfda8c6021aca4ef96f10faa1fd59ce32bfa0ea60976c81ef7d8b37595,c:\Windows\SysWOW64\mfmp4srcsnk.dll
mfmp4srcsnk.dll,1867816,3,2009952093,2033-09-10T08:01:33.000Z,imports,api-ms-win-core-winrt-l1-1-0.dll,RoGetActivationFactory,574f1ab4dc697660aeca5482b88b1378,8e9f06bfda8c6021aca4ef96f10faa1fd59ce32bfa0ea60976c81ef7d8b37595,c:\Windows\SysWOW64\mfmp4srcsnk.dll
mfmp4srcsnk.dll,1867816,3,2009952093,2033-09-10T08:01:33.000Z,imports,api-ms-win-core-synch-l1-2-0.dll,Sleep,574f1ab4dc697660aeca5482b88b1378,8e9f06bfda8c6021aca4ef96f10faa1fd59ce32bfa0ea60976c81ef7d8b37595,c:\Windows\SysWOW64\mfmp4srcsnk.dll
mfmp4srcsnk.dll,1867816,3,2009952093,2033-09-10T08:01:33.000Z,imports,api-ms-win-core-profile-l1-1-0.dll,QueryPerformanceCounter,574f1ab4dc697660aeca5482b88b1378,8e9f06bfda8c6021aca4ef96f10faa1fd59ce32bfa0ea60976c81ef7d8b37595,c:\Windows\SysWOW64\mfmp4srcsnk.dll
mfmp4srcsnk.dll,1867816,3,2009952093,2033-09-10T08:01:33.000Z,imports,api-ms-win-core-profile-l1-1-0.dll,QueryPerformanceFrequency,574f1ab4dc697660aeca5482b88b1378,8e9f06bfda8c6021aca4ef96f10faa1fd59ce32bfa0ea60976c81ef7d8b37595,c:\Windows\SysWOW64\mfmp4srcsnk.dll
mfmp4srcsnk.dll,1867816,3,2009952093,2033-09-10T08:01:33.000Z,imports,api-ms-win-core-sysinfo-l1-1-0.dll,GetSystemTime,574f1ab4dc697660aeca5482b88b1378,8e9f06bfda8c6021aca4ef96f10faa1fd59ce32bfa0ea60976c81ef7d8b37595,c:\Windows\SysWOW64\mfmp4srcsnk.dll
mfmp4srcsnk.dll,1867816,3,2009952093,2033-09-10T08:01:33.000Z,imports,api-ms-win-core-sysinfo-l1-1-0.dll,GetSystemTimeAsFileTime,574f1ab4dc697660aeca5482b88b1378,8e9f06bfda8c6021aca4ef96f10faa1fd59ce32bfa0ea60976c81ef7d8b37595,c:\Windows\SysWOW64\mfmp4srcsnk.dll
mfmp4srcsnk.dll,1867816,3,2009952093,2033-09-10T08:01:33.000Z,imports,api-ms-win-core-sysinfo-l1-1-0.dll,GetTickCount,574f1ab4dc697660aeca5482b88b1378,8e9f06bfda8c6021aca4ef96f10faa1fd59ce32bfa0ea60976c81ef7d8b37595,c:\Windows\SysWOW64\mfmp4srcsnk.dll
mfmp4srcsnk.dll,1867816,3,2009952093,2033-09-10T08:01:33.000Z,imports,api-ms-win-core-sysinfo-l1-1-0.dll,GetVersionExW,574f1ab4dc697660aeca5482b88b1378,8e9f06bfda8c6021aca4ef96f10faa1fd59ce32bfa0ea60976c81ef7d8b37595,c:\Windows\SysWOW64\mfmp4srcsnk.dll
mfmp4srcsnk.dll,1867816,3,2009952093,2033-09-10T08:01:33.000Z,imports,rtworkq.dll,RtwqSetLongRunning,574f1ab4dc697660aeca5482b88b1378,8e9f06bfda8c6021aca4ef96f10faa1fd59ce32bfa0ea60976c81ef7d8b37595,c:\Windows\SysWOW64\mfmp4srcsnk.dll
mfmp4srcsnk.dll,1867816,3,2009952093,2033-09-10T08:01:33.000Z,imports,api-ms-win-core-memory-l1-1-0.dll,CreateFileMappingW,574f1ab4dc697660aeca5482b88b1378,8e9f06bfda8c6021aca4ef96f10faa1fd59ce32bfa0ea60976c81ef7d8b37595,c:\Windows\SysWOW64\mfmp4srcsnk.dll
mfmp4srcsnk.dll,1867816,3,2009952093,2033-09-10T08:01:33.000Z,imports,api-ms-win-core-memory-l1-1-0.dll,MapViewOfFileEx,574f1ab4dc697660aeca5482b88b1378,8e9f06bfda8c6021aca4ef96f10faa1fd59ce32bfa0ea60976c81ef7d8b37595,c:\Windows\SysWOW64\mfmp4srcsnk.dll
mfmp4srcsnk.dll,1867816,3,2009952093,2033-09-10T08:01:33.000Z,imports,api-ms-win-core-memory-l1-1-0.dll,UnmapViewOfFile,574f1ab4dc697660aeca5482b88b1378,8e9f06bfda8c6021aca4ef96f10faa1fd59ce32bfa0ea60976c81ef7d8b37595,c:\Windows\SysWOW64\mfmp4srcsnk.dll
mfmp4srcsnk.dll,1867816,3,2009952093,2033-09-10T08:01:33.000Z,imports,api-ms-win-core-memory-l1-1-0.dll,VirtualQueryEx,574f1ab4dc697660aeca5482b88b1378,8e9f06bfda8c6021aca4ef96f10faa1fd59ce32bfa0ea60976c81ef7d8b37595,c:\Windows\SysWOW64\mfmp4srcsnk.dll
mfmp4srcsnk.dll,1867816,3,2009952093,2033-09-10T08:01:33.000Z,imports,api-ms-win-core-delayload-l1-1-1.dll,ResolveDelayLoadedAPI,574f1ab4dc697660aeca5482b88b1378,8e9f06bfda8c6021aca4ef96f10faa1fd59ce32bfa0ea60976c81ef7d8b37595,c:\Windows\SysWOW64\mfmp4srcsnk.dll
mfmp4srcsnk.dll,1867816,3,2009952093,2033-09-10T08:01:33.000Z,imports,api-ms-win-core-delayload-l1-1-0.dll,DelayLoadFailureHook,574f1ab4dc697660aeca5482b88b1378,8e9f06bfda8c6021aca4ef96f10faa1fd59ce32bfa0ea60976c81ef7d8b37595,c:\Windows\SysWOW64\mfmp4srcsnk.dll
mfmp4srcsnk.dll,1867816,3,2009952093,2033-09-10T08:01:33.000Z,exports,mfmp4srcsnk.dll,DllCanUnloadNow,574f1ab4dc697660aeca5482b88b1378,8e9f06bfda8c6021aca4ef96f10faa1fd59ce32bfa0ea60976c81ef7d8b37595,c:\Windows\SysWOW64\mfmp4srcsnk.dll
mfmp4srcsnk.dll,1867816,3,2009952093,2033-09-10T08:01:33.000Z,exports,mfmp4srcsnk.dll,DllGetClassObject,574f1ab4dc697660aeca5482b88b1378,8e9f06bfda8c6021aca4ef96f10faa1fd59ce32bfa0ea60976c81ef7d8b37595,c:\Windows\SysWOW64\mfmp4srcsnk.dll
