pcasvc.dll,680976,3,3237123974,2072-07-30T17:06:14.000Z,imports,msvcrt.dll,??0exception@@QEAA@AEBQEBD@Z,13eb3fdd1944500338ae1e0245ac54f6,34df073bc39c1578bf3d95a24cf20936b526a0b411fcce3f33827e9e0dc0bcef,c:\Windows\WinSxS\amd64_microsoft-windows-a..atibility-assistant_31bf3856ad364e35_10.0.18362.356_none_8994b77fb4c80277\pcasvc.dll
pcasvc.dll,680976,3,3237123974,2072-07-30T17:06:14.000Z,imports,msvcrt.dll,??0exception@@QEAA@AEBQEBDH@Z,13eb3fdd1944500338ae1e0245ac54f6,34df073bc39c1578bf3d95a24cf20936b526a0b411fcce3f33827e9e0dc0bcef,c:\Windows\WinSxS\amd64_microsoft-windows-a..atibility-assistant_31bf3856ad364e35_10.0.18362.356_none_8994b77fb4c80277\pcasvc.dll
pcasvc.dll,680976,3,3237123974,2072-07-30T17:06:14.000Z,imports,msvcrt.dll,??0exception@@QEAA@AEBV0@@Z,13eb3fdd1944500338ae1e0245ac54f6,34df073bc39c1578bf3d95a24cf20936b526a0b411fcce3f33827e9e0dc0bcef,c:\Windows\WinSxS\amd64_microsoft-windows-a..atibility-assistant_31bf3856ad364e35_10.0.18362.356_none_8994b77fb4c80277\pcasvc.dll
pcasvc.dll,680976,3,3237123974,2072-07-30T17:06:14.000Z,imports,msvcrt.dll,??0exception@@QEAA@XZ,13eb3fdd1944500338ae1e0245ac54f6,34df073bc39c1578bf3d95a24cf20936b526a0b411fcce3f33827e9e0dc0bcef,c:\Windows\WinSxS\amd64_microsoft-windows-a..atibility-assistant_31bf3856ad364e35_10.0.18362.356_none_8994b77fb4c80277\pcasvc.dll
pcasvc.dll,680976,3,3237123974,2072-07-30T17:06:14.000Z,imports,msvcrt.dll,??1exception@@UEAA@XZ,13eb3fdd1944500338ae1e0245ac54f6,34df073bc39c1578bf3d95a24cf20936b526a0b411fcce3f33827e9e0dc0bcef,c:\Windows\WinSxS\amd64_microsoft-windows-a..atibility-assistant_31bf3856ad364e35_10.0.18362.356_none_8994b77fb4c80277\pcasvc.dll
pcasvc.dll,680976,3,3237123974,2072-07-30T17:06:14.000Z,imports,msvcrt.dll,??1type_info@@UEAA@XZ,13eb3fdd1944500338ae1e0245ac54f6,34df073bc39c1578bf3d95a24cf20936b526a0b411fcce3f33827e9e0dc0bcef,c:\Windows\WinSxS\amd64_microsoft-windows-a..atibility-assistant_31bf3856ad364e35_10.0.18362.356_none_8994b77fb4c80277\pcasvc.dll
pcasvc.dll,680976,3,3237123974,2072-07-30T17:06:14.000Z,imports,msvcrt.dll,??3@YAXPEAX@Z,13eb3fdd1944500338ae1e0245ac54f6,34df073bc39c1578bf3d95a24cf20936b526a0b411fcce3f33827e9e0dc0bcef,c:\Windows\WinSxS\amd64_microsoft-windows-a..atibility-assistant_31bf3856ad364e35_10.0.18362.356_none_8994b77fb4c80277\pcasvc.dll
pcasvc.dll,680976,3,3237123974,2072-07-30T17:06:14.000Z,imports,msvcrt.dll,?terminate@@YAXXZ,13eb3fdd1944500338ae1e0245ac54f6,34df073bc39c1578bf3d95a24cf20936b526a0b411fcce3f33827e9e0dc0bcef,c:\Windows\WinSxS\amd64_microsoft-windows-a..atibility-assistant_31bf3856ad364e35_10.0.18362.356_none_8994b77fb4c80277\pcasvc.dll
pcasvc.dll,680976,3,3237123974,2072-07-30T17:06:14.000Z,imports,msvcrt.dll,?what@exception@@UEBAPEBDXZ,13eb3fdd1944500338ae1e0245ac54f6,34df073bc39c1578bf3d95a24cf20936b526a0b411fcce3f33827e9e0dc0bcef,c:\Windows\WinSxS\amd64_microsoft-windows-a..atibility-assistant_31bf3856ad364e35_10.0.18362.356_none_8994b77fb4c80277\pcasvc.dll
pcasvc.dll,680976,3,3237123974,2072-07-30T17:06:14.000Z,imports,msvcrt.dll,_CxxThrowException,13eb3fdd1944500338ae1e0245ac54f6,34df073bc39c1578bf3d95a24cf20936b526a0b411fcce3f33827e9e0dc0bcef,c:\Windows\WinSxS\amd64_microsoft-windows-a..atibility-assistant_31bf3856ad364e35_10.0.18362.356_none_8994b77fb4c80277\pcasvc.dll
pcasvc.dll,680976,3,3237123974,2072-07-30T17:06:14.000Z,imports,msvcrt.dll,_XcptFilter,13eb3fdd1944500338ae1e0245ac54f6,34df073bc39c1578bf3d95a24cf20936b526a0b411fcce3f33827e9e0dc0bcef,c:\Windows\WinSxS\amd64_microsoft-windows-a..atibility-assistant_31bf3856ad364e35_10.0.18362.356_none_8994b77fb4c80277\pcasvc.dll
pcasvc.dll,680976,3,3237123974,2072-07-30T17:06:14.000Z,imports,msvcrt.dll,__C_specific_handler,13eb3fdd1944500338ae1e0245ac54f6,34df073bc39c1578bf3d95a24cf20936b526a0b411fcce3f33827e9e0dc0bcef,c:\Windows\WinSxS\amd64_microsoft-windows-a..atibility-assistant_31bf3856ad364e35_10.0.18362.356_none_8994b77fb4c80277\pcasvc.dll
pcasvc.dll,680976,3,3237123974,2072-07-30T17:06:14.000Z,imports,msvcrt.dll,__CxxFrameHandler3,13eb3fdd1944500338ae1e0245ac54f6,34df073bc39c1578bf3d95a24cf20936b526a0b411fcce3f33827e9e0dc0bcef,c:\Windows\WinSxS\amd64_microsoft-windows-a..atibility-assistant_31bf3856ad364e35_10.0.18362.356_none_8994b77fb4c80277\pcasvc.dll
pcasvc.dll,680976,3,3237123974,2072-07-30T17:06:14.000Z,imports,msvcrt.dll,__dllonexit,13eb3fdd1944500338ae1e0245ac54f6,34df073bc39c1578bf3d95a24cf20936b526a0b411fcce3f33827e9e0dc0bcef,c:\Windows\WinSxS\amd64_microsoft-windows-a..atibility-assistant_31bf3856ad364e35_10.0.18362.356_none_8994b77fb4c80277\pcasvc.dll
pcasvc.dll,680976,3,3237123974,2072-07-30T17:06:14.000Z,imports,msvcrt.dll,_amsg_exit,13eb3fdd1944500338ae1e0245ac54f6,34df073bc39c1578bf3d95a24cf20936b526a0b411fcce3f33827e9e0dc0bcef,c:\Windows\WinSxS\amd64_microsoft-windows-a..atibility-assistant_31bf3856ad364e35_10.0.18362.356_none_8994b77fb4c80277\pcasvc.dll
pcasvc.dll,680976,3,3237123974,2072-07-30T17:06:14.000Z,imports,msvcrt.dll,_callnewh,13eb3fdd1944500338ae1e0245ac54f6,34df073bc39c1578bf3d95a24cf20936b526a0b411fcce3f33827e9e0dc0bcef,c:\Windows\WinSxS\amd64_microsoft-windows-a..atibility-assistant_31bf3856ad364e35_10.0.18362.356_none_8994b77fb4c80277\pcasvc.dll
pcasvc.dll,680976,3,3237123974,2072-07-30T17:06:14.000Z,imports,msvcrt.dll,_initterm,13eb3fdd1944500338ae1e0245ac54f6,34df073bc39c1578bf3d95a24cf20936b526a0b411fcce3f33827e9e0dc0bcef,c:\Windows\WinSxS\amd64_microsoft-windows-a..atibility-assistant_31bf3856ad364e35_10.0.18362.356_none_8994b77fb4c80277\pcasvc.dll
pcasvc.dll,680976,3,3237123974,2072-07-30T17:06:14.000Z,imports,msvcrt.dll,_itoa_s,13eb3fdd1944500338ae1e0245ac54f6,34df073bc39c1578bf3d95a24cf20936b526a0b411fcce3f33827e9e0dc0bcef,c:\Windows\WinSxS\amd64_microsoft-windows-a..atibility-assistant_31bf3856ad364e35_10.0.18362.356_none_8994b77fb4c80277\pcasvc.dll
pcasvc.dll,680976,3,3237123974,2072-07-30T17:06:14.000Z,imports,msvcrt.dll,_itow_s,13eb3fdd1944500338ae1e0245ac54f6,34df073bc39c1578bf3d95a24cf20936b526a0b411fcce3f33827e9e0dc0bcef,c:\Windows\WinSxS\amd64_microsoft-windows-a..atibility-assistant_31bf3856ad364e35_10.0.18362.356_none_8994b77fb4c80277\pcasvc.dll
pcasvc.dll,680976,3,3237123974,2072-07-30T17:06:14.000Z,imports,msvcrt.dll,_lock,13eb3fdd1944500338ae1e0245ac54f6,34df073bc39c1578bf3d95a24cf20936b526a0b411fcce3f33827e9e0dc0bcef,c:\Windows\WinSxS\amd64_microsoft-windows-a..atibility-assistant_31bf3856ad364e35_10.0.18362.356_none_8994b77fb4c80277\pcasvc.dll
pcasvc.dll,680976,3,3237123974,2072-07-30T17:06:14.000Z,imports,msvcrt.dll,_onexit,13eb3fdd1944500338ae1e0245ac54f6,34df073bc39c1578bf3d95a24cf20936b526a0b411fcce3f33827e9e0dc0bcef,c:\Windows\WinSxS\amd64_microsoft-windows-a..atibility-assistant_31bf3856ad364e35_10.0.18362.356_none_8994b77fb4c80277\pcasvc.dll
pcasvc.dll,680976,3,3237123974,2072-07-30T17:06:14.000Z,imports,msvcrt.dll,_purecall,13eb3fdd1944500338ae1e0245ac54f6,34df073bc39c1578bf3d95a24cf20936b526a0b411fcce3f33827e9e0dc0bcef,c:\Windows\WinSxS\amd64_microsoft-windows-a..atibility-assistant_31bf3856ad364e35_10.0.18362.356_none_8994b77fb4c80277\pcasvc.dll
pcasvc.dll,680976,3,3237123974,2072-07-30T17:06:14.000Z,imports,msvcrt.dll,_unlock,13eb3fdd1944500338ae1e0245ac54f6,34df073bc39c1578bf3d95a24cf20936b526a0b411fcce3f33827e9e0dc0bcef,c:\Windows\WinSxS\amd64_microsoft-windows-a..atibility-assistant_31bf3856ad364e35_10.0.18362.356_none_8994b77fb4c80277\pcasvc.dll
pcasvc.dll,680976,3,3237123974,2072-07-30T17:06:14.000Z,imports,msvcrt.dll,_vsnprintf,13eb3fdd1944500338ae1e0245ac54f6,34df073bc39c1578bf3d95a24cf20936b526a0b411fcce3f33827e9e0dc0bcef,c:\Windows\WinSxS\amd64_microsoft-windows-a..atibility-assistant_31bf3856ad364e35_10.0.18362.356_none_8994b77fb4c80277\pcasvc.dll
pcasvc.dll,680976,3,3237123974,2072-07-30T17:06:14.000Z,imports,msvcrt.dll,_vsnprintf_s,13eb3fdd1944500338ae1e0245ac54f6,34df073bc39c1578bf3d95a24cf20936b526a0b411fcce3f33827e9e0dc0bcef,c:\Windows\WinSxS\amd64_microsoft-windows-a..atibility-assistant_31bf3856ad364e35_10.0.18362.356_none_8994b77fb4c80277\pcasvc.dll
pcasvc.dll,680976,3,3237123974,2072-07-30T17:06:14.000Z,imports,msvcrt.dll,_vsnwprintf,13eb3fdd1944500338ae1e0245ac54f6,34df073bc39c1578bf3d95a24cf20936b526a0b411fcce3f33827e9e0dc0bcef,c:\Windows\WinSxS\amd64_microsoft-windows-a..atibility-assistant_31bf3856ad364e35_10.0.18362.356_none_8994b77fb4c80277\pcasvc.dll
pcasvc.dll,680976,3,3237123974,2072-07-30T17:06:14.000Z,imports,msvcrt.dll,_vsnwprintf_s,13eb3fdd1944500338ae1e0245ac54f6,34df073bc39c1578bf3d95a24cf20936b526a0b411fcce3f33827e9e0dc0bcef,c:\Windows\WinSxS\amd64_microsoft-windows-a..atibility-assistant_31bf3856ad364e35_10.0.18362.356_none_8994b77fb4c80277\pcasvc.dll
pcasvc.dll,680976,3,3237123974,2072-07-30T17:06:14.000Z,imports,msvcrt.dll,_wcsicmp,13eb3fdd1944500338ae1e0245ac54f6,34df073bc39c1578bf3d95a24cf20936b526a0b411fcce3f33827e9e0dc0bcef,c:\Windows\WinSxS\amd64_microsoft-windows-a..atibility-assistant_31bf3856ad364e35_10.0.18362.356_none_8994b77fb4c80277\pcasvc.dll
pcasvc.dll,680976,3,3237123974,2072-07-30T17:06:14.000Z,imports,msvcrt.dll,_wcslwr,13eb3fdd1944500338ae1e0245ac54f6,34df073bc39c1578bf3d95a24cf20936b526a0b411fcce3f33827e9e0dc0bcef,c:\Windows\WinSxS\amd64_microsoft-windows-a..atibility-assistant_31bf3856ad364e35_10.0.18362.356_none_8994b77fb4c80277\pcasvc.dll
pcasvc.dll,680976,3,3237123974,2072-07-30T17:06:14.000Z,imports,msvcrt.dll,_wcslwr_s,13eb3fdd1944500338ae1e0245ac54f6,34df073bc39c1578bf3d95a24cf20936b526a0b411fcce3f33827e9e0dc0bcef,c:\Windows\WinSxS\amd64_microsoft-windows-a..atibility-assistant_31bf3856ad364e35_10.0.18362.356_none_8994b77fb4c80277\pcasvc.dll
pcasvc.dll,680976,3,3237123974,2072-07-30T17:06:14.000Z,imports,msvcrt.dll,_wcsnicmp,13eb3fdd1944500338ae1e0245ac54f6,34df073bc39c1578bf3d95a24cf20936b526a0b411fcce3f33827e9e0dc0bcef,c:\Windows\WinSxS\amd64_microsoft-windows-a..atibility-assistant_31bf3856ad364e35_10.0.18362.356_none_8994b77fb4c80277\pcasvc.dll
pcasvc.dll,680976,3,3237123974,2072-07-30T17:06:14.000Z,imports,msvcrt.dll,_wfopen_s,13eb3fdd1944500338ae1e0245ac54f6,34df073bc39c1578bf3d95a24cf20936b526a0b411fcce3f33827e9e0dc0bcef,c:\Windows\WinSxS\amd64_microsoft-windows-a..atibility-assistant_31bf3856ad364e35_10.0.18362.356_none_8994b77fb4c80277\pcasvc.dll
pcasvc.dll,680976,3,3237123974,2072-07-30T17:06:14.000Z,imports,msvcrt.dll,_wsplitpath_s,13eb3fdd1944500338ae1e0245ac54f6,34df073bc39c1578bf3d95a24cf20936b526a0b411fcce3f33827e9e0dc0bcef,c:\Windows\WinSxS\amd64_microsoft-windows-a..atibility-assistant_31bf3856ad364e35_10.0.18362.356_none_8994b77fb4c80277\pcasvc.dll
pcasvc.dll,680976,3,3237123974,2072-07-30T17:06:14.000Z,imports,msvcrt.dll,_wtof,13eb3fdd1944500338ae1e0245ac54f6,34df073bc39c1578bf3d95a24cf20936b526a0b411fcce3f33827e9e0dc0bcef,c:\Windows\WinSxS\amd64_microsoft-windows-a..atibility-assistant_31bf3856ad364e35_10.0.18362.356_none_8994b77fb4c80277\pcasvc.dll
pcasvc.dll,680976,3,3237123974,2072-07-30T17:06:14.000Z,imports,msvcrt.dll,_wtoi,13eb3fdd1944500338ae1e0245ac54f6,34df073bc39c1578bf3d95a24cf20936b526a0b411fcce3f33827e9e0dc0bcef,c:\Windows\WinSxS\amd64_microsoft-windows-a..atibility-assistant_31bf3856ad364e35_10.0.18362.356_none_8994b77fb4c80277\pcasvc.dll
pcasvc.dll,680976,3,3237123974,2072-07-30T17:06:14.000Z,imports,msvcrt.dll,fclose,13eb3fdd1944500338ae1e0245ac54f6,34df073bc39c1578bf3d95a24cf20936b526a0b411fcce3f33827e9e0dc0bcef,c:\Windows\WinSxS\amd64_microsoft-windows-a..atibility-assistant_31bf3856ad364e35_10.0.18362.356_none_8994b77fb4c80277\pcasvc.dll
pcasvc.dll,680976,3,3237123974,2072-07-30T17:06:14.000Z,imports,msvcrt.dll,free,13eb3fdd1944500338ae1e0245ac54f6,34df073bc39c1578bf3d95a24cf20936b526a0b411fcce3f33827e9e0dc0bcef,c:\Windows\WinSxS\amd64_microsoft-windows-a..atibility-assistant_31bf3856ad364e35_10.0.18362.356_none_8994b77fb4c80277\pcasvc.dll
pcasvc.dll,680976,3,3237123974,2072-07-30T17:06:14.000Z,imports,msvcrt.dll,fwprintf_s,13eb3fdd1944500338ae1e0245ac54f6,34df073bc39c1578bf3d95a24cf20936b526a0b411fcce3f33827e9e0dc0bcef,c:\Windows\WinSxS\amd64_microsoft-windows-a..atibility-assistant_31bf3856ad364e35_10.0.18362.356_none_8994b77fb4c80277\pcasvc.dll
pcasvc.dll,680976,3,3237123974,2072-07-30T17:06:14.000Z,imports,msvcrt.dll,malloc,13eb3fdd1944500338ae1e0245ac54f6,34df073bc39c1578bf3d95a24cf20936b526a0b411fcce3f33827e9e0dc0bcef,c:\Windows\WinSxS\amd64_microsoft-windows-a..atibility-assistant_31bf3856ad364e35_10.0.18362.356_none_8994b77fb4c80277\pcasvc.dll
pcasvc.dll,680976,3,3237123974,2072-07-30T17:06:14.000Z,imports,msvcrt.dll,memcmp,13eb3fdd1944500338ae1e0245ac54f6,34df073bc39c1578bf3d95a24cf20936b526a0b411fcce3f33827e9e0dc0bcef,c:\Windows\WinSxS\amd64_microsoft-windows-a..atibility-assistant_31bf3856ad364e35_10.0.18362.356_none_8994b77fb4c80277\pcasvc.dll
pcasvc.dll,680976,3,3237123974,2072-07-30T17:06:14.000Z,imports,msvcrt.dll,memcpy,13eb3fdd1944500338ae1e0245ac54f6,34df073bc39c1578bf3d95a24cf20936b526a0b411fcce3f33827e9e0dc0bcef,c:\Windows\WinSxS\amd64_microsoft-windows-a..atibility-assistant_31bf3856ad364e35_10.0.18362.356_none_8994b77fb4c80277\pcasvc.dll
pcasvc.dll,680976,3,3237123974,2072-07-30T17:06:14.000Z,imports,msvcrt.dll,memcpy_s,13eb3fdd1944500338ae1e0245ac54f6,34df073bc39c1578bf3d95a24cf20936b526a0b411fcce3f33827e9e0dc0bcef,c:\Windows\WinSxS\amd64_microsoft-windows-a..atibility-assistant_31bf3856ad364e35_10.0.18362.356_none_8994b77fb4c80277\pcasvc.dll
pcasvc.dll,680976,3,3237123974,2072-07-30T17:06:14.000Z,imports,msvcrt.dll,memmove,13eb3fdd1944500338ae1e0245ac54f6,34df073bc39c1578bf3d95a24cf20936b526a0b411fcce3f33827e9e0dc0bcef,c:\Windows\WinSxS\amd64_microsoft-windows-a..atibility-assistant_31bf3856ad364e35_10.0.18362.356_none_8994b77fb4c80277\pcasvc.dll
pcasvc.dll,680976,3,3237123974,2072-07-30T17:06:14.000Z,imports,msvcrt.dll,memmove_s,13eb3fdd1944500338ae1e0245ac54f6,34df073bc39c1578bf3d95a24cf20936b526a0b411fcce3f33827e9e0dc0bcef,c:\Windows\WinSxS\amd64_microsoft-windows-a..atibility-assistant_31bf3856ad364e35_10.0.18362.356_none_8994b77fb4c80277\pcasvc.dll
pcasvc.dll,680976,3,3237123974,2072-07-30T17:06:14.000Z,imports,msvcrt.dll,memset,13eb3fdd1944500338ae1e0245ac54f6,34df073bc39c1578bf3d95a24cf20936b526a0b411fcce3f33827e9e0dc0bcef,c:\Windows\WinSxS\amd64_microsoft-windows-a..atibility-assistant_31bf3856ad364e35_10.0.18362.356_none_8994b77fb4c80277\pcasvc.dll
pcasvc.dll,680976,3,3237123974,2072-07-30T17:06:14.000Z,imports,msvcrt.dll,qsort,13eb3fdd1944500338ae1e0245ac54f6,34df073bc39c1578bf3d95a24cf20936b526a0b411fcce3f33827e9e0dc0bcef,c:\Windows\WinSxS\amd64_microsoft-windows-a..atibility-assistant_31bf3856ad364e35_10.0.18362.356_none_8994b77fb4c80277\pcasvc.dll
pcasvc.dll,680976,3,3237123974,2072-07-30T17:06:14.000Z,imports,msvcrt.dll,sprintf_s,13eb3fdd1944500338ae1e0245ac54f6,34df073bc39c1578bf3d95a24cf20936b526a0b411fcce3f33827e9e0dc0bcef,c:\Windows\WinSxS\amd64_microsoft-windows-a..atibility-assistant_31bf3856ad364e35_10.0.18362.356_none_8994b77fb4c80277\pcasvc.dll
pcasvc.dll,680976,3,3237123974,2072-07-30T17:06:14.000Z,imports,msvcrt.dll,sscanf_s,13eb3fdd1944500338ae1e0245ac54f6,34df073bc39c1578bf3d95a24cf20936b526a0b411fcce3f33827e9e0dc0bcef,c:\Windows\WinSxS\amd64_microsoft-windows-a..atibility-assistant_31bf3856ad364e35_10.0.18362.356_none_8994b77fb4c80277\pcasvc.dll
pcasvc.dll,680976,3,3237123974,2072-07-30T17:06:14.000Z,imports,msvcrt.dll,strchr,13eb3fdd1944500338ae1e0245ac54f6,34df073bc39c1578bf3d95a24cf20936b526a0b411fcce3f33827e9e0dc0bcef,c:\Windows\WinSxS\amd64_microsoft-windows-a..atibility-assistant_31bf3856ad364e35_10.0.18362.356_none_8994b77fb4c80277\pcasvc.dll
pcasvc.dll,680976,3,3237123974,2072-07-30T17:06:14.000Z,imports,msvcrt.dll,strcmp,13eb3fdd1944500338ae1e0245ac54f6,34df073bc39c1578bf3d95a24cf20936b526a0b411fcce3f33827e9e0dc0bcef,c:\Windows\WinSxS\amd64_microsoft-windows-a..atibility-assistant_31bf3856ad364e35_10.0.18362.356_none_8994b77fb4c80277\pcasvc.dll
pcasvc.dll,680976,3,3237123974,2072-07-30T17:06:14.000Z,imports,msvcrt.dll,strcpy_s,13eb3fdd1944500338ae1e0245ac54f6,34df073bc39c1578bf3d95a24cf20936b526a0b411fcce3f33827e9e0dc0bcef,c:\Windows\WinSxS\amd64_microsoft-windows-a..atibility-assistant_31bf3856ad364e35_10.0.18362.356_none_8994b77fb4c80277\pcasvc.dll
pcasvc.dll,680976,3,3237123974,2072-07-30T17:06:14.000Z,imports,msvcrt.dll,strerror,13eb3fdd1944500338ae1e0245ac54f6,34df073bc39c1578bf3d95a24cf20936b526a0b411fcce3f33827e9e0dc0bcef,c:\Windows\WinSxS\amd64_microsoft-windows-a..atibility-assistant_31bf3856ad364e35_10.0.18362.356_none_8994b77fb4c80277\pcasvc.dll
pcasvc.dll,680976,3,3237123974,2072-07-30T17:06:14.000Z,imports,msvcrt.dll,strncmp,13eb3fdd1944500338ae1e0245ac54f6,34df073bc39c1578bf3d95a24cf20936b526a0b411fcce3f33827e9e0dc0bcef,c:\Windows\WinSxS\amd64_microsoft-windows-a..atibility-assistant_31bf3856ad364e35_10.0.18362.356_none_8994b77fb4c80277\pcasvc.dll
pcasvc.dll,680976,3,3237123974,2072-07-30T17:06:14.000Z,imports,msvcrt.dll,strnlen,13eb3fdd1944500338ae1e0245ac54f6,34df073bc39c1578bf3d95a24cf20936b526a0b411fcce3f33827e9e0dc0bcef,c:\Windows\WinSxS\amd64_microsoft-windows-a..atibility-assistant_31bf3856ad364e35_10.0.18362.356_none_8994b77fb4c80277\pcasvc.dll
pcasvc.dll,680976,3,3237123974,2072-07-30T17:06:14.000Z,imports,msvcrt.dll,swprintf_s,13eb3fdd1944500338ae1e0245ac54f6,34df073bc39c1578bf3d95a24cf20936b526a0b411fcce3f33827e9e0dc0bcef,c:\Windows\WinSxS\amd64_microsoft-windows-a..atibility-assistant_31bf3856ad364e35_10.0.18362.356_none_8994b77fb4c80277\pcasvc.dll
pcasvc.dll,680976,3,3237123974,2072-07-30T17:06:14.000Z,imports,msvcrt.dll,swscanf_s,13eb3fdd1944500338ae1e0245ac54f6,34df073bc39c1578bf3d95a24cf20936b526a0b411fcce3f33827e9e0dc0bcef,c:\Windows\WinSxS\amd64_microsoft-windows-a..atibility-assistant_31bf3856ad364e35_10.0.18362.356_none_8994b77fb4c80277\pcasvc.dll
pcasvc.dll,680976,3,3237123974,2072-07-30T17:06:14.000Z,imports,msvcrt.dll,toupper,13eb3fdd1944500338ae1e0245ac54f6,34df073bc39c1578bf3d95a24cf20936b526a0b411fcce3f33827e9e0dc0bcef,c:\Windows\WinSxS\amd64_microsoft-windows-a..atibility-assistant_31bf3856ad364e35_10.0.18362.356_none_8994b77fb4c80277\pcasvc.dll
pcasvc.dll,680976,3,3237123974,2072-07-30T17:06:14.000Z,imports,msvcrt.dll,towlower,13eb3fdd1944500338ae1e0245ac54f6,34df073bc39c1578bf3d95a24cf20936b526a0b411fcce3f33827e9e0dc0bcef,c:\Windows\WinSxS\amd64_microsoft-windows-a..atibility-assistant_31bf3856ad364e35_10.0.18362.356_none_8994b77fb4c80277\pcasvc.dll
pcasvc.dll,680976,3,3237123974,2072-07-30T17:06:14.000Z,imports,msvcrt.dll,wcscat_s,13eb3fdd1944500338ae1e0245ac54f6,34df073bc39c1578bf3d95a24cf20936b526a0b411fcce3f33827e9e0dc0bcef,c:\Windows\WinSxS\amd64_microsoft-windows-a..atibility-assistant_31bf3856ad364e35_10.0.18362.356_none_8994b77fb4c80277\pcasvc.dll
pcasvc.dll,680976,3,3237123974,2072-07-30T17:06:14.000Z,imports,msvcrt.dll,wcschr,13eb3fdd1944500338ae1e0245ac54f6,34df073bc39c1578bf3d95a24cf20936b526a0b411fcce3f33827e9e0dc0bcef,c:\Windows\WinSxS\amd64_microsoft-windows-a..atibility-assistant_31bf3856ad364e35_10.0.18362.356_none_8994b77fb4c80277\pcasvc.dll
pcasvc.dll,680976,3,3237123974,2072-07-30T17:06:14.000Z,imports,msvcrt.dll,wcscmp,13eb3fdd1944500338ae1e0245ac54f6,34df073bc39c1578bf3d95a24cf20936b526a0b411fcce3f33827e9e0dc0bcef,c:\Windows\WinSxS\amd64_microsoft-windows-a..atibility-assistant_31bf3856ad364e35_10.0.18362.356_none_8994b77fb4c80277\pcasvc.dll
pcasvc.dll,680976,3,3237123974,2072-07-30T17:06:14.000Z,imports,msvcrt.dll,wcscpy_s,13eb3fdd1944500338ae1e0245ac54f6,34df073bc39c1578bf3d95a24cf20936b526a0b411fcce3f33827e9e0dc0bcef,c:\Windows\WinSxS\amd64_microsoft-windows-a..atibility-assistant_31bf3856ad364e35_10.0.18362.356_none_8994b77fb4c80277\pcasvc.dll
pcasvc.dll,680976,3,3237123974,2072-07-30T17:06:14.000Z,imports,msvcrt.dll,wcsncmp,13eb3fdd1944500338ae1e0245ac54f6,34df073bc39c1578bf3d95a24cf20936b526a0b411fcce3f33827e9e0dc0bcef,c:\Windows\WinSxS\amd64_microsoft-windows-a..atibility-assistant_31bf3856ad364e35_10.0.18362.356_none_8994b77fb4c80277\pcasvc.dll
pcasvc.dll,680976,3,3237123974,2072-07-30T17:06:14.000Z,imports,msvcrt.dll,wcsncpy_s,13eb3fdd1944500338ae1e0245ac54f6,34df073bc39c1578bf3d95a24cf20936b526a0b411fcce3f33827e9e0dc0bcef,c:\Windows\WinSxS\amd64_microsoft-windows-a..atibility-assistant_31bf3856ad364e35_10.0.18362.356_none_8994b77fb4c80277\pcasvc.dll
pcasvc.dll,680976,3,3237123974,2072-07-30T17:06:14.000Z,imports,msvcrt.dll,wcsrchr,13eb3fdd1944500338ae1e0245ac54f6,34df073bc39c1578bf3d95a24cf20936b526a0b411fcce3f33827e9e0dc0bcef,c:\Windows\WinSxS\amd64_microsoft-windows-a..atibility-assistant_31bf3856ad364e35_10.0.18362.356_none_8994b77fb4c80277\pcasvc.dll
pcasvc.dll,680976,3,3237123974,2072-07-30T17:06:14.000Z,imports,msvcrt.dll,wcsstr,13eb3fdd1944500338ae1e0245ac54f6,34df073bc39c1578bf3d95a24cf20936b526a0b411fcce3f33827e9e0dc0bcef,c:\Windows\WinSxS\amd64_microsoft-windows-a..atibility-assistant_31bf3856ad364e35_10.0.18362.356_none_8994b77fb4c80277\pcasvc.dll
pcasvc.dll,680976,3,3237123974,2072-07-30T17:06:14.000Z,imports,msvcrt.dll,wcstoul,13eb3fdd1944500338ae1e0245ac54f6,34df073bc39c1578bf3d95a24cf20936b526a0b411fcce3f33827e9e0dc0bcef,c:\Windows\WinSxS\amd64_microsoft-windows-a..atibility-assistant_31bf3856ad364e35_10.0.18362.356_none_8994b77fb4c80277\pcasvc.dll
pcasvc.dll,680976,3,3237123974,2072-07-30T17:06:14.000Z,imports,ntdll.dll,EtwEventRegister,13eb3fdd1944500338ae1e0245ac54f6,34df073bc39c1578bf3d95a24cf20936b526a0b411fcce3f33827e9e0dc0bcef,c:\Windows\WinSxS\amd64_microsoft-windows-a..atibility-assistant_31bf3856ad364e35_10.0.18362.356_none_8994b77fb4c80277\pcasvc.dll
pcasvc.dll,680976,3,3237123974,2072-07-30T17:06:14.000Z,imports,ntdll.dll,EtwEventUnregister,13eb3fdd1944500338ae1e0245ac54f6,34df073bc39c1578bf3d95a24cf20936b526a0b411fcce3f33827e9e0dc0bcef,c:\Windows\WinSxS\amd64_microsoft-windows-a..atibility-assistant_31bf3856ad364e35_10.0.18362.356_none_8994b77fb4c80277\pcasvc.dll
pcasvc.dll,680976,3,3237123974,2072-07-30T17:06:14.000Z,imports,ntdll.dll,EtwEventWrite,13eb3fdd1944500338ae1e0245ac54f6,34df073bc39c1578bf3d95a24cf20936b526a0b411fcce3f33827e9e0dc0bcef,c:\Windows\WinSxS\amd64_microsoft-windows-a..atibility-assistant_31bf3856ad364e35_10.0.18362.356_none_8994b77fb4c80277\pcasvc.dll
pcasvc.dll,680976,3,3237123974,2072-07-30T17:06:14.000Z,imports,ntdll.dll,EtwEventWriteNoRegistration,13eb3fdd1944500338ae1e0245ac54f6,34df073bc39c1578bf3d95a24cf20936b526a0b411fcce3f33827e9e0dc0bcef,c:\Windows\WinSxS\amd64_microsoft-windows-a..atibility-assistant_31bf3856ad364e35_10.0.18362.356_none_8994b77fb4c80277\pcasvc.dll
pcasvc.dll,680976,3,3237123974,2072-07-30T17:06:14.000Z,imports,ntdll.dll,EtwTraceMessage,13eb3fdd1944500338ae1e0245ac54f6,34df073bc39c1578bf3d95a24cf20936b526a0b411fcce3f33827e9e0dc0bcef,c:\Windows\WinSxS\amd64_microsoft-windows-a..atibility-assistant_31bf3856ad364e35_10.0.18362.356_none_8994b77fb4c80277\pcasvc.dll
pcasvc.dll,680976,3,3237123974,2072-07-30T17:06:14.000Z,imports,ntdll.dll,LdrResSearchResource,13eb3fdd1944500338ae1e0245ac54f6,34df073bc39c1578bf3d95a24cf20936b526a0b411fcce3f33827e9e0dc0bcef,c:\Windows\WinSxS\amd64_microsoft-windows-a..atibility-assistant_31bf3856ad364e35_10.0.18362.356_none_8994b77fb4c80277\pcasvc.dll
pcasvc.dll,680976,3,3237123974,2072-07-30T17:06:14.000Z,imports,ntdll.dll,NtApphelpCacheControl,13eb3fdd1944500338ae1e0245ac54f6,34df073bc39c1578bf3d95a24cf20936b526a0b411fcce3f33827e9e0dc0bcef,c:\Windows\WinSxS\amd64_microsoft-windows-a..atibility-assistant_31bf3856ad364e35_10.0.18362.356_none_8994b77fb4c80277\pcasvc.dll
pcasvc.dll,680976,3,3237123974,2072-07-30T17:06:14.000Z,imports,ntdll.dll,NtClose,13eb3fdd1944500338ae1e0245ac54f6,34df073bc39c1578bf3d95a24cf20936b526a0b411fcce3f33827e9e0dc0bcef,c:\Windows\WinSxS\amd64_microsoft-windows-a..atibility-assistant_31bf3856ad364e35_10.0.18362.356_none_8994b77fb4c80277\pcasvc.dll
pcasvc.dll,680976,3,3237123974,2072-07-30T17:06:14.000Z,imports,ntdll.dll,NtCreateSection,13eb3fdd1944500338ae1e0245ac54f6,34df073bc39c1578bf3d95a24cf20936b526a0b411fcce3f33827e9e0dc0bcef,c:\Windows\WinSxS\amd64_microsoft-windows-a..atibility-assistant_31bf3856ad364e35_10.0.18362.356_none_8994b77fb4c80277\pcasvc.dll
pcasvc.dll,680976,3,3237123974,2072-07-30T17:06:14.000Z,imports,ntdll.dll,NtLoadKeyEx,13eb3fdd1944500338ae1e0245ac54f6,34df073bc39c1578bf3d95a24cf20936b526a0b411fcce3f33827e9e0dc0bcef,c:\Windows\WinSxS\amd64_microsoft-windows-a..atibility-assistant_31bf3856ad364e35_10.0.18362.356_none_8994b77fb4c80277\pcasvc.dll
pcasvc.dll,680976,3,3237123974,2072-07-30T17:06:14.000Z,imports,ntdll.dll,NtOpenFile,13eb3fdd1944500338ae1e0245ac54f6,34df073bc39c1578bf3d95a24cf20936b526a0b411fcce3f33827e9e0dc0bcef,c:\Windows\WinSxS\amd64_microsoft-windows-a..atibility-assistant_31bf3856ad364e35_10.0.18362.356_none_8994b77fb4c80277\pcasvc.dll
pcasvc.dll,680976,3,3237123974,2072-07-30T17:06:14.000Z,imports,ntdll.dll,NtOpenProcessToken,13eb3fdd1944500338ae1e0245ac54f6,34df073bc39c1578bf3d95a24cf20936b526a0b411fcce3f33827e9e0dc0bcef,c:\Windows\WinSxS\amd64_microsoft-windows-a..atibility-assistant_31bf3856ad364e35_10.0.18362.356_none_8994b77fb4c80277\pcasvc.dll
pcasvc.dll,680976,3,3237123974,2072-07-30T17:06:14.000Z,imports,ntdll.dll,NtOpenThreadToken,13eb3fdd1944500338ae1e0245ac54f6,34df073bc39c1578bf3d95a24cf20936b526a0b411fcce3f33827e9e0dc0bcef,c:\Windows\WinSxS\amd64_microsoft-windows-a..atibility-assistant_31bf3856ad364e35_10.0.18362.356_none_8994b77fb4c80277\pcasvc.dll
pcasvc.dll,680976,3,3237123974,2072-07-30T17:06:14.000Z,imports,ntdll.dll,NtQueryInformationFile,13eb3fdd1944500338ae1e0245ac54f6,34df073bc39c1578bf3d95a24cf20936b526a0b411fcce3f33827e9e0dc0bcef,c:\Windows\WinSxS\amd64_microsoft-windows-a..atibility-assistant_31bf3856ad364e35_10.0.18362.356_none_8994b77fb4c80277\pcasvc.dll
pcasvc.dll,680976,3,3237123974,2072-07-30T17:06:14.000Z,imports,ntdll.dll,NtQueryInformationToken,13eb3fdd1944500338ae1e0245ac54f6,34df073bc39c1578bf3d95a24cf20936b526a0b411fcce3f33827e9e0dc0bcef,c:\Windows\WinSxS\amd64_microsoft-windows-a..atibility-assistant_31bf3856ad364e35_10.0.18362.356_none_8994b77fb4c80277\pcasvc.dll
pcasvc.dll,680976,3,3237123974,2072-07-30T17:06:14.000Z,imports,ntdll.dll,NtQueryKey,13eb3fdd1944500338ae1e0245ac54f6,34df073bc39c1578bf3d95a24cf20936b526a0b411fcce3f33827e9e0dc0bcef,c:\Windows\WinSxS\amd64_microsoft-windows-a..atibility-assistant_31bf3856ad364e35_10.0.18362.356_none_8994b77fb4c80277\pcasvc.dll
pcasvc.dll,680976,3,3237123974,2072-07-30T17:06:14.000Z,imports,ntdll.dll,NtQueryLicenseValue,13eb3fdd1944500338ae1e0245ac54f6,34df073bc39c1578bf3d95a24cf20936b526a0b411fcce3f33827e9e0dc0bcef,c:\Windows\WinSxS\amd64_microsoft-windows-a..atibility-assistant_31bf3856ad364e35_10.0.18362.356_none_8994b77fb4c80277\pcasvc.dll
pcasvc.dll,680976,3,3237123974,2072-07-30T17:06:14.000Z,imports,ntdll.dll,NtQuerySection,13eb3fdd1944500338ae1e0245ac54f6,34df073bc39c1578bf3d95a24cf20936b526a0b411fcce3f33827e9e0dc0bcef,c:\Windows\WinSxS\amd64_microsoft-windows-a..atibility-assistant_31bf3856ad364e35_10.0.18362.356_none_8994b77fb4c80277\pcasvc.dll
pcasvc.dll,680976,3,3237123974,2072-07-30T17:06:14.000Z,imports,ntdll.dll,NtQuerySystemInformation,13eb3fdd1944500338ae1e0245ac54f6,34df073bc39c1578bf3d95a24cf20936b526a0b411fcce3f33827e9e0dc0bcef,c:\Windows\WinSxS\amd64_microsoft-windows-a..atibility-assistant_31bf3856ad364e35_10.0.18362.356_none_8994b77fb4c80277\pcasvc.dll
pcasvc.dll,680976,3,3237123974,2072-07-30T17:06:14.000Z,imports,ntdll.dll,NtQuerySystemTime,13eb3fdd1944500338ae1e0245ac54f6,34df073bc39c1578bf3d95a24cf20936b526a0b411fcce3f33827e9e0dc0bcef,c:\Windows\WinSxS\amd64_microsoft-windows-a..atibility-assistant_31bf3856ad364e35_10.0.18362.356_none_8994b77fb4c80277\pcasvc.dll
pcasvc.dll,680976,3,3237123974,2072-07-30T17:06:14.000Z,imports,ntdll.dll,NtQueryValueKey,13eb3fdd1944500338ae1e0245ac54f6,34df073bc39c1578bf3d95a24cf20936b526a0b411fcce3f33827e9e0dc0bcef,c:\Windows\WinSxS\amd64_microsoft-windows-a..atibility-assistant_31bf3856ad364e35_10.0.18362.356_none_8994b77fb4c80277\pcasvc.dll
pcasvc.dll,680976,3,3237123974,2072-07-30T17:06:14.000Z,imports,ntdll.dll,NtResumeProcess,13eb3fdd1944500338ae1e0245ac54f6,34df073bc39c1578bf3d95a24cf20936b526a0b411fcce3f33827e9e0dc0bcef,c:\Windows\WinSxS\amd64_microsoft-windows-a..atibility-assistant_31bf3856ad364e35_10.0.18362.356_none_8994b77fb4c80277\pcasvc.dll
pcasvc.dll,680976,3,3237123974,2072-07-30T17:06:14.000Z,imports,ntdll.dll,NtSuspendProcess,13eb3fdd1944500338ae1e0245ac54f6,34df073bc39c1578bf3d95a24cf20936b526a0b411fcce3f33827e9e0dc0bcef,c:\Windows\WinSxS\amd64_microsoft-windows-a..atibility-assistant_31bf3856ad364e35_10.0.18362.356_none_8994b77fb4c80277\pcasvc.dll
pcasvc.dll,680976,3,3237123974,2072-07-30T17:06:14.000Z,imports,ntdll.dll,RtlAcquireSRWLockExclusive,13eb3fdd1944500338ae1e0245ac54f6,34df073bc39c1578bf3d95a24cf20936b526a0b411fcce3f33827e9e0dc0bcef,c:\Windows\WinSxS\amd64_microsoft-windows-a..atibility-assistant_31bf3856ad364e35_10.0.18362.356_none_8994b77fb4c80277\pcasvc.dll
pcasvc.dll,680976,3,3237123974,2072-07-30T17:06:14.000Z,imports,ntdll.dll,RtlAdjustPrivilege,13eb3fdd1944500338ae1e0245ac54f6,34df073bc39c1578bf3d95a24cf20936b526a0b411fcce3f33827e9e0dc0bcef,c:\Windows\WinSxS\amd64_microsoft-windows-a..atibility-assistant_31bf3856ad364e35_10.0.18362.356_none_8994b77fb4c80277\pcasvc.dll
pcasvc.dll,680976,3,3237123974,2072-07-30T17:06:14.000Z,imports,ntdll.dll,RtlAllocateAndInitializeSid,13eb3fdd1944500338ae1e0245ac54f6,34df073bc39c1578bf3d95a24cf20936b526a0b411fcce3f33827e9e0dc0bcef,c:\Windows\WinSxS\amd64_microsoft-windows-a..atibility-assistant_31bf3856ad364e35_10.0.18362.356_none_8994b77fb4c80277\pcasvc.dll
pcasvc.dll,680976,3,3237123974,2072-07-30T17:06:14.000Z,imports,ntdll.dll,RtlAllocateHeap,13eb3fdd1944500338ae1e0245ac54f6,34df073bc39c1578bf3d95a24cf20936b526a0b411fcce3f33827e9e0dc0bcef,c:\Windows\WinSxS\amd64_microsoft-windows-a..atibility-assistant_31bf3856ad364e35_10.0.18362.356_none_8994b77fb4c80277\pcasvc.dll
pcasvc.dll,680976,3,3237123974,2072-07-30T17:06:14.000Z,imports,ntdll.dll,RtlAnsiStringToUnicodeString,13eb3fdd1944500338ae1e0245ac54f6,34df073bc39c1578bf3d95a24cf20936b526a0b411fcce3f33827e9e0dc0bcef,c:\Windows\WinSxS\amd64_microsoft-windows-a..atibility-assistant_31bf3856ad364e35_10.0.18362.356_none_8994b77fb4c80277\pcasvc.dll
pcasvc.dll,680976,3,3237123974,2072-07-30T17:06:14.000Z,imports,ntdll.dll,RtlAppendUnicodeStringToString,13eb3fdd1944500338ae1e0245ac54f6,34df073bc39c1578bf3d95a24cf20936b526a0b411fcce3f33827e9e0dc0bcef,c:\Windows\WinSxS\amd64_microsoft-windows-a..atibility-assistant_31bf3856ad364e35_10.0.18362.356_none_8994b77fb4c80277\pcasvc.dll
pcasvc.dll,680976,3,3237123974,2072-07-30T17:06:14.000Z,imports,ntdll.dll,RtlAppendUnicodeToString,13eb3fdd1944500338ae1e0245ac54f6,34df073bc39c1578bf3d95a24cf20936b526a0b411fcce3f33827e9e0dc0bcef,c:\Windows\WinSxS\amd64_microsoft-windows-a..atibility-assistant_31bf3856ad364e35_10.0.18362.356_none_8994b77fb4c80277\pcasvc.dll
pcasvc.dll,680976,3,3237123974,2072-07-30T17:06:14.000Z,imports,ntdll.dll,RtlCaptureContext,13eb3fdd1944500338ae1e0245ac54f6,34df073bc39c1578bf3d95a24cf20936b526a0b411fcce3f33827e9e0dc0bcef,c:\Windows\WinSxS\amd64_microsoft-windows-a..atibility-assistant_31bf3856ad364e35_10.0.18362.356_none_8994b77fb4c80277\pcasvc.dll
pcasvc.dll,680976,3,3237123974,2072-07-30T17:06:14.000Z,imports,ntdll.dll,RtlCompareMemory,13eb3fdd1944500338ae1e0245ac54f6,34df073bc39c1578bf3d95a24cf20936b526a0b411fcce3f33827e9e0dc0bcef,c:\Windows\WinSxS\amd64_microsoft-windows-a..atibility-assistant_31bf3856ad364e35_10.0.18362.356_none_8994b77fb4c80277\pcasvc.dll
pcasvc.dll,680976,3,3237123974,2072-07-30T17:06:14.000Z,imports,ntdll.dll,RtlComputeCrc32,13eb3fdd1944500338ae1e0245ac54f6,34df073bc39c1578bf3d95a24cf20936b526a0b411fcce3f33827e9e0dc0bcef,c:\Windows\WinSxS\amd64_microsoft-windows-a..atibility-assistant_31bf3856ad364e35_10.0.18362.356_none_8994b77fb4c80277\pcasvc.dll
pcasvc.dll,680976,3,3237123974,2072-07-30T17:06:14.000Z,imports,ntdll.dll,RtlDeleteCriticalSection,13eb3fdd1944500338ae1e0245ac54f6,34df073bc39c1578bf3d95a24cf20936b526a0b411fcce3f33827e9e0dc0bcef,c:\Windows\WinSxS\amd64_microsoft-windows-a..atibility-assistant_31bf3856ad364e35_10.0.18362.356_none_8994b77fb4c80277\pcasvc.dll
pcasvc.dll,680976,3,3237123974,2072-07-30T17:06:14.000Z,imports,ntdll.dll,RtlDoesFileExists_U,13eb3fdd1944500338ae1e0245ac54f6,34df073bc39c1578bf3d95a24cf20936b526a0b411fcce3f33827e9e0dc0bcef,c:\Windows\WinSxS\amd64_microsoft-windows-a..atibility-assistant_31bf3856ad364e35_10.0.18362.356_none_8994b77fb4c80277\pcasvc.dll
pcasvc.dll,680976,3,3237123974,2072-07-30T17:06:14.000Z,imports,ntdll.dll,RtlDosPathNameToNtPathName_U,13eb3fdd1944500338ae1e0245ac54f6,34df073bc39c1578bf3d95a24cf20936b526a0b411fcce3f33827e9e0dc0bcef,c:\Windows\WinSxS\amd64_microsoft-windows-a..atibility-assistant_31bf3856ad364e35_10.0.18362.356_none_8994b77fb4c80277\pcasvc.dll
pcasvc.dll,680976,3,3237123974,2072-07-30T17:06:14.000Z,imports,ntdll.dll,RtlDosPathNameToNtPathName_U_WithStatus,13eb3fdd1944500338ae1e0245ac54f6,34df073bc39c1578bf3d95a24cf20936b526a0b411fcce3f33827e9e0dc0bcef,c:\Windows\WinSxS\amd64_microsoft-windows-a..atibility-assistant_31bf3856ad364e35_10.0.18362.356_none_8994b77fb4c80277\pcasvc.dll
pcasvc.dll,680976,3,3237123974,2072-07-30T17:06:14.000Z,imports,ntdll.dll,RtlDosPathNameToRelativeNtPathName_U,13eb3fdd1944500338ae1e0245ac54f6,34df073bc39c1578bf3d95a24cf20936b526a0b411fcce3f33827e9e0dc0bcef,c:\Windows\WinSxS\amd64_microsoft-windows-a..atibility-assistant_31bf3856ad364e35_10.0.18362.356_none_8994b77fb4c80277\pcasvc.dll
pcasvc.dll,680976,3,3237123974,2072-07-30T17:06:14.000Z,imports,ntdll.dll,RtlEnterCriticalSection,13eb3fdd1944500338ae1e0245ac54f6,34df073bc39c1578bf3d95a24cf20936b526a0b411fcce3f33827e9e0dc0bcef,c:\Windows\WinSxS\amd64_microsoft-windows-a..atibility-assistant_31bf3856ad364e35_10.0.18362.356_none_8994b77fb4c80277\pcasvc.dll
pcasvc.dll,680976,3,3237123974,2072-07-30T17:06:14.000Z,imports,ntdll.dll,RtlEqualString,13eb3fdd1944500338ae1e0245ac54f6,34df073bc39c1578bf3d95a24cf20936b526a0b411fcce3f33827e9e0dc0bcef,c:\Windows\WinSxS\amd64_microsoft-windows-a..atibility-assistant_31bf3856ad364e35_10.0.18362.356_none_8994b77fb4c80277\pcasvc.dll
pcasvc.dll,680976,3,3237123974,2072-07-30T17:06:14.000Z,imports,ntdll.dll,RtlFormatCurrentUserKeyPath,13eb3fdd1944500338ae1e0245ac54f6,34df073bc39c1578bf3d95a24cf20936b526a0b411fcce3f33827e9e0dc0bcef,c:\Windows\WinSxS\amd64_microsoft-windows-a..atibility-assistant_31bf3856ad364e35_10.0.18362.356_none_8994b77fb4c80277\pcasvc.dll
pcasvc.dll,680976,3,3237123974,2072-07-30T17:06:14.000Z,imports,ntdll.dll,RtlFreeHeap,13eb3fdd1944500338ae1e0245ac54f6,34df073bc39c1578bf3d95a24cf20936b526a0b411fcce3f33827e9e0dc0bcef,c:\Windows\WinSxS\amd64_microsoft-windows-a..atibility-assistant_31bf3856ad364e35_10.0.18362.356_none_8994b77fb4c80277\pcasvc.dll
pcasvc.dll,680976,3,3237123974,2072-07-30T17:06:14.000Z,imports,ntdll.dll,RtlFreeSid,13eb3fdd1944500338ae1e0245ac54f6,34df073bc39c1578bf3d95a24cf20936b526a0b411fcce3f33827e9e0dc0bcef,c:\Windows\WinSxS\amd64_microsoft-windows-a..atibility-assistant_31bf3856ad364e35_10.0.18362.356_none_8994b77fb4c80277\pcasvc.dll
pcasvc.dll,680976,3,3237123974,2072-07-30T17:06:14.000Z,imports,ntdll.dll,RtlFreeUnicodeString,13eb3fdd1944500338ae1e0245ac54f6,34df073bc39c1578bf3d95a24cf20936b526a0b411fcce3f33827e9e0dc0bcef,c:\Windows\WinSxS\amd64_microsoft-windows-a..atibility-assistant_31bf3856ad364e35_10.0.18362.356_none_8994b77fb4c80277\pcasvc.dll
pcasvc.dll,680976,3,3237123974,2072-07-30T17:06:14.000Z,imports,ntdll.dll,RtlGetDeviceFamilyInfoEnum,13eb3fdd1944500338ae1e0245ac54f6,34df073bc39c1578bf3d95a24cf20936b526a0b411fcce3f33827e9e0dc0bcef,c:\Windows\WinSxS\amd64_microsoft-windows-a..atibility-assistant_31bf3856ad364e35_10.0.18362.356_none_8994b77fb4c80277\pcasvc.dll
pcasvc.dll,680976,3,3237123974,2072-07-30T17:06:14.000Z,imports,ntdll.dll,RtlGetFullPathName_UEx,13eb3fdd1944500338ae1e0245ac54f6,34df073bc39c1578bf3d95a24cf20936b526a0b411fcce3f33827e9e0dc0bcef,c:\Windows\WinSxS\amd64_microsoft-windows-a..atibility-assistant_31bf3856ad364e35_10.0.18362.356_none_8994b77fb4c80277\pcasvc.dll
pcasvc.dll,680976,3,3237123974,2072-07-30T17:06:14.000Z,imports,ntdll.dll,RtlGetNativeSystemInformation,13eb3fdd1944500338ae1e0245ac54f6,34df073bc39c1578bf3d95a24cf20936b526a0b411fcce3f33827e9e0dc0bcef,c:\Windows\WinSxS\amd64_microsoft-windows-a..atibility-assistant_31bf3856ad364e35_10.0.18362.356_none_8994b77fb4c80277\pcasvc.dll
pcasvc.dll,680976,3,3237123974,2072-07-30T17:06:14.000Z,imports,ntdll.dll,RtlGetNtSystemRoot,13eb3fdd1944500338ae1e0245ac54f6,34df073bc39c1578bf3d95a24cf20936b526a0b411fcce3f33827e9e0dc0bcef,c:\Windows\WinSxS\amd64_microsoft-windows-a..atibility-assistant_31bf3856ad364e35_10.0.18362.356_none_8994b77fb4c80277\pcasvc.dll
pcasvc.dll,680976,3,3237123974,2072-07-30T17:06:14.000Z,imports,ntdll.dll,RtlImageDirectoryEntryToData,13eb3fdd1944500338ae1e0245ac54f6,34df073bc39c1578bf3d95a24cf20936b526a0b411fcce3f33827e9e0dc0bcef,c:\Windows\WinSxS\amd64_microsoft-windows-a..atibility-assistant_31bf3856ad364e35_10.0.18362.356_none_8994b77fb4c80277\pcasvc.dll
pcasvc.dll,680976,3,3237123974,2072-07-30T17:06:14.000Z,imports,ntdll.dll,RtlImageNtHeaderEx,13eb3fdd1944500338ae1e0245ac54f6,34df073bc39c1578bf3d95a24cf20936b526a0b411fcce3f33827e9e0dc0bcef,c:\Windows\WinSxS\amd64_microsoft-windows-a..atibility-assistant_31bf3856ad364e35_10.0.18362.356_none_8994b77fb4c80277\pcasvc.dll
pcasvc.dll,680976,3,3237123974,2072-07-30T17:06:14.000Z,imports,ntdll.dll,RtlImageRvaToVa,13eb3fdd1944500338ae1e0245ac54f6,34df073bc39c1578bf3d95a24cf20936b526a0b411fcce3f33827e9e0dc0bcef,c:\Windows\WinSxS\amd64_microsoft-windows-a..atibility-assistant_31bf3856ad364e35_10.0.18362.356_none_8994b77fb4c80277\pcasvc.dll
pcasvc.dll,680976,3,3237123974,2072-07-30T17:06:14.000Z,imports,ntdll.dll,RtlInitAnsiString,13eb3fdd1944500338ae1e0245ac54f6,34df073bc39c1578bf3d95a24cf20936b526a0b411fcce3f33827e9e0dc0bcef,c:\Windows\WinSxS\amd64_microsoft-windows-a..atibility-assistant_31bf3856ad364e35_10.0.18362.356_none_8994b77fb4c80277\pcasvc.dll
pcasvc.dll,680976,3,3237123974,2072-07-30T17:06:14.000Z,imports,ntdll.dll,RtlInitString,13eb3fdd1944500338ae1e0245ac54f6,34df073bc39c1578bf3d95a24cf20936b526a0b411fcce3f33827e9e0dc0bcef,c:\Windows\WinSxS\amd64_microsoft-windows-a..atibility-assistant_31bf3856ad364e35_10.0.18362.356_none_8994b77fb4c80277\pcasvc.dll
pcasvc.dll,680976,3,3237123974,2072-07-30T17:06:14.000Z,imports,ntdll.dll,RtlInitUnicodeString,13eb3fdd1944500338ae1e0245ac54f6,34df073bc39c1578bf3d95a24cf20936b526a0b411fcce3f33827e9e0dc0bcef,c:\Windows\WinSxS\amd64_microsoft-windows-a..atibility-assistant_31bf3856ad364e35_10.0.18362.356_none_8994b77fb4c80277\pcasvc.dll
pcasvc.dll,680976,3,3237123974,2072-07-30T17:06:14.000Z,imports,ntdll.dll,RtlInitUnicodeStringEx,13eb3fdd1944500338ae1e0245ac54f6,34df073bc39c1578bf3d95a24cf20936b526a0b411fcce3f33827e9e0dc0bcef,c:\Windows\WinSxS\amd64_microsoft-windows-a..atibility-assistant_31bf3856ad364e35_10.0.18362.356_none_8994b77fb4c80277\pcasvc.dll
pcasvc.dll,680976,3,3237123974,2072-07-30T17:06:14.000Z,imports,ntdll.dll,RtlInitializeCriticalSection,13eb3fdd1944500338ae1e0245ac54f6,34df073bc39c1578bf3d95a24cf20936b526a0b411fcce3f33827e9e0dc0bcef,c:\Windows\WinSxS\amd64_microsoft-windows-a..atibility-assistant_31bf3856ad364e35_10.0.18362.356_none_8994b77fb4c80277\pcasvc.dll
pcasvc.dll,680976,3,3237123974,2072-07-30T17:06:14.000Z,imports,ntdll.dll,RtlInitializeSRWLock,13eb3fdd1944500338ae1e0245ac54f6,34df073bc39c1578bf3d95a24cf20936b526a0b411fcce3f33827e9e0dc0bcef,c:\Windows\WinSxS\amd64_microsoft-windows-a..atibility-assistant_31bf3856ad364e35_10.0.18362.356_none_8994b77fb4c80277\pcasvc.dll
pcasvc.dll,680976,3,3237123974,2072-07-30T17:06:14.000Z,imports,ntdll.dll,RtlIsCriticalSectionLockedByThread,13eb3fdd1944500338ae1e0245ac54f6,34df073bc39c1578bf3d95a24cf20936b526a0b411fcce3f33827e9e0dc0bcef,c:\Windows\WinSxS\amd64_microsoft-windows-a..atibility-assistant_31bf3856ad364e35_10.0.18362.356_none_8994b77fb4c80277\pcasvc.dll
pcasvc.dll,680976,3,3237123974,2072-07-30T17:06:14.000Z,imports,ntdll.dll,RtlLeaveCriticalSection,13eb3fdd1944500338ae1e0245ac54f6,34df073bc39c1578bf3d95a24cf20936b526a0b411fcce3f33827e9e0dc0bcef,c:\Windows\WinSxS\amd64_microsoft-windows-a..atibility-assistant_31bf3856ad364e35_10.0.18362.356_none_8994b77fb4c80277\pcasvc.dll
pcasvc.dll,680976,3,3237123974,2072-07-30T17:06:14.000Z,imports,ntdll.dll,RtlLookupFunctionEntry,13eb3fdd1944500338ae1e0245ac54f6,34df073bc39c1578bf3d95a24cf20936b526a0b411fcce3f33827e9e0dc0bcef,c:\Windows\WinSxS\amd64_microsoft-windows-a..atibility-assistant_31bf3856ad364e35_10.0.18362.356_none_8994b77fb4c80277\pcasvc.dll
pcasvc.dll,680976,3,3237123974,2072-07-30T17:06:14.000Z,imports,ntdll.dll,RtlMultiByteToUnicodeN,13eb3fdd1944500338ae1e0245ac54f6,34df073bc39c1578bf3d95a24cf20936b526a0b411fcce3f33827e9e0dc0bcef,c:\Windows\WinSxS\amd64_microsoft-windows-a..atibility-assistant_31bf3856ad364e35_10.0.18362.356_none_8994b77fb4c80277\pcasvc.dll
pcasvc.dll,680976,3,3237123974,2072-07-30T17:06:14.000Z,imports,ntdll.dll,RtlNtStatusToDosError,13eb3fdd1944500338ae1e0245ac54f6,34df073bc39c1578bf3d95a24cf20936b526a0b411fcce3f33827e9e0dc0bcef,c:\Windows\WinSxS\amd64_microsoft-windows-a..atibility-assistant_31bf3856ad364e35_10.0.18362.356_none_8994b77fb4c80277\pcasvc.dll
pcasvc.dll,680976,3,3237123974,2072-07-30T17:06:14.000Z,imports,ntdll.dll,RtlNtStatusToDosErrorNoTeb,13eb3fdd1944500338ae1e0245ac54f6,34df073bc39c1578bf3d95a24cf20936b526a0b411fcce3f33827e9e0dc0bcef,c:\Windows\WinSxS\amd64_microsoft-windows-a..atibility-assistant_31bf3856ad364e35_10.0.18362.356_none_8994b77fb4c80277\pcasvc.dll
pcasvc.dll,680976,3,3237123974,2072-07-30T17:06:14.000Z,imports,ntdll.dll,RtlRandomEx,13eb3fdd1944500338ae1e0245ac54f6,34df073bc39c1578bf3d95a24cf20936b526a0b411fcce3f33827e9e0dc0bcef,c:\Windows\WinSxS\amd64_microsoft-windows-a..atibility-assistant_31bf3856ad364e35_10.0.18362.356_none_8994b77fb4c80277\pcasvc.dll
pcasvc.dll,680976,3,3237123974,2072-07-30T17:06:14.000Z,imports,ntdll.dll,RtlReleaseRelativeName,13eb3fdd1944500338ae1e0245ac54f6,34df073bc39c1578bf3d95a24cf20936b526a0b411fcce3f33827e9e0dc0bcef,c:\Windows\WinSxS\amd64_microsoft-windows-a..atibility-assistant_31bf3856ad364e35_10.0.18362.356_none_8994b77fb4c80277\pcasvc.dll
pcasvc.dll,680976,3,3237123974,2072-07-30T17:06:14.000Z,imports,ntdll.dll,RtlReleaseSRWLockExclusive,13eb3fdd1944500338ae1e0245ac54f6,34df073bc39c1578bf3d95a24cf20936b526a0b411fcce3f33827e9e0dc0bcef,c:\Windows\WinSxS\amd64_microsoft-windows-a..atibility-assistant_31bf3856ad364e35_10.0.18362.356_none_8994b77fb4c80277\pcasvc.dll
pcasvc.dll,680976,3,3237123974,2072-07-30T17:06:14.000Z,imports,ntdll.dll,RtlSecondsSince1970ToTime,13eb3fdd1944500338ae1e0245ac54f6,34df073bc39c1578bf3d95a24cf20936b526a0b411fcce3f33827e9e0dc0bcef,c:\Windows\WinSxS\amd64_microsoft-windows-a..atibility-assistant_31bf3856ad364e35_10.0.18362.356_none_8994b77fb4c80277\pcasvc.dll
pcasvc.dll,680976,3,3237123974,2072-07-30T17:06:14.000Z,imports,ntdll.dll,RtlStringFromGUID,13eb3fdd1944500338ae1e0245ac54f6,34df073bc39c1578bf3d95a24cf20936b526a0b411fcce3f33827e9e0dc0bcef,c:\Windows\WinSxS\amd64_microsoft-windows-a..atibility-assistant_31bf3856ad364e35_10.0.18362.356_none_8994b77fb4c80277\pcasvc.dll
pcasvc.dll,680976,3,3237123974,2072-07-30T17:06:14.000Z,imports,ntdll.dll,RtlTimeToTimeFields,13eb3fdd1944500338ae1e0245ac54f6,34df073bc39c1578bf3d95a24cf20936b526a0b411fcce3f33827e9e0dc0bcef,c:\Windows\WinSxS\amd64_microsoft-windows-a..atibility-assistant_31bf3856ad364e35_10.0.18362.356_none_8994b77fb4c80277\pcasvc.dll
pcasvc.dll,680976,3,3237123974,2072-07-30T17:06:14.000Z,imports,ntdll.dll,RtlTryEnterCriticalSection,13eb3fdd1944500338ae1e0245ac54f6,34df073bc39c1578bf3d95a24cf20936b526a0b411fcce3f33827e9e0dc0bcef,c:\Windows\WinSxS\amd64_microsoft-windows-a..atibility-assistant_31bf3856ad364e35_10.0.18362.356_none_8994b77fb4c80277\pcasvc.dll
pcasvc.dll,680976,3,3237123974,2072-07-30T17:06:14.000Z,imports,ntdll.dll,RtlUpcaseUnicodeChar,13eb3fdd1944500338ae1e0245ac54f6,34df073bc39c1578bf3d95a24cf20936b526a0b411fcce3f33827e9e0dc0bcef,c:\Windows\WinSxS\amd64_microsoft-windows-a..atibility-assistant_31bf3856ad364e35_10.0.18362.356_none_8994b77fb4c80277\pcasvc.dll
pcasvc.dll,680976,3,3237123974,2072-07-30T17:06:14.000Z,imports,ntdll.dll,RtlValidSid,13eb3fdd1944500338ae1e0245ac54f6,34df073bc39c1578bf3d95a24cf20936b526a0b411fcce3f33827e9e0dc0bcef,c:\Windows\WinSxS\amd64_microsoft-windows-a..atibility-assistant_31bf3856ad364e35_10.0.18362.356_none_8994b77fb4c80277\pcasvc.dll
pcasvc.dll,680976,3,3237123974,2072-07-30T17:06:14.000Z,imports,ntdll.dll,RtlVerifyVersionInfo,13eb3fdd1944500338ae1e0245ac54f6,34df073bc39c1578bf3d95a24cf20936b526a0b411fcce3f33827e9e0dc0bcef,c:\Windows\WinSxS\amd64_microsoft-windows-a..atibility-assistant_31bf3856ad364e35_10.0.18362.356_none_8994b77fb4c80277\pcasvc.dll
pcasvc.dll,680976,3,3237123974,2072-07-30T17:06:14.000Z,imports,ntdll.dll,RtlVirtualUnwind,13eb3fdd1944500338ae1e0245ac54f6,34df073bc39c1578bf3d95a24cf20936b526a0b411fcce3f33827e9e0dc0bcef,c:\Windows\WinSxS\amd64_microsoft-windows-a..atibility-assistant_31bf3856ad364e35_10.0.18362.356_none_8994b77fb4c80277\pcasvc.dll
pcasvc.dll,680976,3,3237123974,2072-07-30T17:06:14.000Z,imports,ntdll.dll,RtlxAnsiStringToUnicodeSize,13eb3fdd1944500338ae1e0245ac54f6,34df073bc39c1578bf3d95a24cf20936b526a0b411fcce3f33827e9e0dc0bcef,c:\Windows\WinSxS\amd64_microsoft-windows-a..atibility-assistant_31bf3856ad364e35_10.0.18362.356_none_8994b77fb4c80277\pcasvc.dll
pcasvc.dll,680976,3,3237123974,2072-07-30T17:06:14.000Z,imports,ntdll.dll,VerSetConditionMask,13eb3fdd1944500338ae1e0245ac54f6,34df073bc39c1578bf3d95a24cf20936b526a0b411fcce3f33827e9e0dc0bcef,c:\Windows\WinSxS\amd64_microsoft-windows-a..atibility-assistant_31bf3856ad364e35_10.0.18362.356_none_8994b77fb4c80277\pcasvc.dll
pcasvc.dll,680976,3,3237123974,2072-07-30T17:06:14.000Z,imports,ntdll.dll,WinSqmIsOptedInEx,13eb3fdd1944500338ae1e0245ac54f6,34df073bc39c1578bf3d95a24cf20936b526a0b411fcce3f33827e9e0dc0bcef,c:\Windows\WinSxS\amd64_microsoft-windows-a..atibility-assistant_31bf3856ad364e35_10.0.18362.356_none_8994b77fb4c80277\pcasvc.dll
pcasvc.dll,680976,3,3237123974,2072-07-30T17:06:14.000Z,imports,ntdll.dll,ZwClose,13eb3fdd1944500338ae1e0245ac54f6,34df073bc39c1578bf3d95a24cf20936b526a0b411fcce3f33827e9e0dc0bcef,c:\Windows\WinSxS\amd64_microsoft-windows-a..atibility-assistant_31bf3856ad364e35_10.0.18362.356_none_8994b77fb4c80277\pcasvc.dll
pcasvc.dll,680976,3,3237123974,2072-07-30T17:06:14.000Z,imports,ntdll.dll,ZwCreateFile,13eb3fdd1944500338ae1e0245ac54f6,34df073bc39c1578bf3d95a24cf20936b526a0b411fcce3f33827e9e0dc0bcef,c:\Windows\WinSxS\amd64_microsoft-windows-a..atibility-assistant_31bf3856ad364e35_10.0.18362.356_none_8994b77fb4c80277\pcasvc.dll
pcasvc.dll,680976,3,3237123974,2072-07-30T17:06:14.000Z,imports,ntdll.dll,ZwCreateSection,13eb3fdd1944500338ae1e0245ac54f6,34df073bc39c1578bf3d95a24cf20936b526a0b411fcce3f33827e9e0dc0bcef,c:\Windows\WinSxS\amd64_microsoft-windows-a..atibility-assistant_31bf3856ad364e35_10.0.18362.356_none_8994b77fb4c80277\pcasvc.dll
pcasvc.dll,680976,3,3237123974,2072-07-30T17:06:14.000Z,imports,ntdll.dll,ZwEnumerateKey,13eb3fdd1944500338ae1e0245ac54f6,34df073bc39c1578bf3d95a24cf20936b526a0b411fcce3f33827e9e0dc0bcef,c:\Windows\WinSxS\amd64_microsoft-windows-a..atibility-assistant_31bf3856ad364e35_10.0.18362.356_none_8994b77fb4c80277\pcasvc.dll
pcasvc.dll,680976,3,3237123974,2072-07-30T17:06:14.000Z,imports,ntdll.dll,ZwMapViewOfSection,13eb3fdd1944500338ae1e0245ac54f6,34df073bc39c1578bf3d95a24cf20936b526a0b411fcce3f33827e9e0dc0bcef,c:\Windows\WinSxS\amd64_microsoft-windows-a..atibility-assistant_31bf3856ad364e35_10.0.18362.356_none_8994b77fb4c80277\pcasvc.dll
pcasvc.dll,680976,3,3237123974,2072-07-30T17:06:14.000Z,imports,ntdll.dll,ZwOpenKey,13eb3fdd1944500338ae1e0245ac54f6,34df073bc39c1578bf3d95a24cf20936b526a0b411fcce3f33827e9e0dc0bcef,c:\Windows\WinSxS\amd64_microsoft-windows-a..atibility-assistant_31bf3856ad364e35_10.0.18362.356_none_8994b77fb4c80277\pcasvc.dll
pcasvc.dll,680976,3,3237123974,2072-07-30T17:06:14.000Z,imports,ntdll.dll,ZwQueryInformationFile,13eb3fdd1944500338ae1e0245ac54f6,34df073bc39c1578bf3d95a24cf20936b526a0b411fcce3f33827e9e0dc0bcef,c:\Windows\WinSxS\amd64_microsoft-windows-a..atibility-assistant_31bf3856ad364e35_10.0.18362.356_none_8994b77fb4c80277\pcasvc.dll
pcasvc.dll,680976,3,3237123974,2072-07-30T17:06:14.000Z,imports,ntdll.dll,ZwQuerySystemInformation,13eb3fdd1944500338ae1e0245ac54f6,34df073bc39c1578bf3d95a24cf20936b526a0b411fcce3f33827e9e0dc0bcef,c:\Windows\WinSxS\amd64_microsoft-windows-a..atibility-assistant_31bf3856ad364e35_10.0.18362.356_none_8994b77fb4c80277\pcasvc.dll
pcasvc.dll,680976,3,3237123974,2072-07-30T17:06:14.000Z,imports,ntdll.dll,ZwQueryValueKey,13eb3fdd1944500338ae1e0245ac54f6,34df073bc39c1578bf3d95a24cf20936b526a0b411fcce3f33827e9e0dc0bcef,c:\Windows\WinSxS\amd64_microsoft-windows-a..atibility-assistant_31bf3856ad364e35_10.0.18362.356_none_8994b77fb4c80277\pcasvc.dll
pcasvc.dll,680976,3,3237123974,2072-07-30T17:06:14.000Z,imports,ntdll.dll,ZwUnmapViewOfSection,13eb3fdd1944500338ae1e0245ac54f6,34df073bc39c1578bf3d95a24cf20936b526a0b411fcce3f33827e9e0dc0bcef,c:\Windows\WinSxS\amd64_microsoft-windows-a..atibility-assistant_31bf3856ad364e35_10.0.18362.356_none_8994b77fb4c80277\pcasvc.dll
pcasvc.dll,680976,3,3237123974,2072-07-30T17:06:14.000Z,imports,api-ms-win-core-libraryloader-l1-2-0.dll,FreeLibrary,13eb3fdd1944500338ae1e0245ac54f6,34df073bc39c1578bf3d95a24cf20936b526a0b411fcce3f33827e9e0dc0bcef,c:\Windows\WinSxS\amd64_microsoft-windows-a..atibility-assistant_31bf3856ad364e35_10.0.18362.356_none_8994b77fb4c80277\pcasvc.dll
pcasvc.dll,680976,3,3237123974,2072-07-30T17:06:14.000Z,imports,api-ms-win-core-libraryloader-l1-2-0.dll,GetModuleFileNameA,13eb3fdd1944500338ae1e0245ac54f6,34df073bc39c1578bf3d95a24cf20936b526a0b411fcce3f33827e9e0dc0bcef,c:\Windows\WinSxS\amd64_microsoft-windows-a..atibility-assistant_31bf3856ad364e35_10.0.18362.356_none_8994b77fb4c80277\pcasvc.dll
pcasvc.dll,680976,3,3237123974,2072-07-30T17:06:14.000Z,imports,api-ms-win-core-libraryloader-l1-2-0.dll,GetModuleFileNameW,13eb3fdd1944500338ae1e0245ac54f6,34df073bc39c1578bf3d95a24cf20936b526a0b411fcce3f33827e9e0dc0bcef,c:\Windows\WinSxS\amd64_microsoft-windows-a..atibility-assistant_31bf3856ad364e35_10.0.18362.356_none_8994b77fb4c80277\pcasvc.dll
pcasvc.dll,680976,3,3237123974,2072-07-30T17:06:14.000Z,imports,api-ms-win-core-libraryloader-l1-2-0.dll,GetModuleHandleExW,13eb3fdd1944500338ae1e0245ac54f6,34df073bc39c1578bf3d95a24cf20936b526a0b411fcce3f33827e9e0dc0bcef,c:\Windows\WinSxS\amd64_microsoft-windows-a..atibility-assistant_31bf3856ad364e35_10.0.18362.356_none_8994b77fb4c80277\pcasvc.dll
pcasvc.dll,680976,3,3237123974,2072-07-30T17:06:14.000Z,imports,api-ms-win-core-libraryloader-l1-2-0.dll,GetModuleHandleW,13eb3fdd1944500338ae1e0245ac54f6,34df073bc39c1578bf3d95a24cf20936b526a0b411fcce3f33827e9e0dc0bcef,c:\Windows\WinSxS\amd64_microsoft-windows-a..atibility-assistant_31bf3856ad364e35_10.0.18362.356_none_8994b77fb4c80277\pcasvc.dll
pcasvc.dll,680976,3,3237123974,2072-07-30T17:06:14.000Z,imports,api-ms-win-core-libraryloader-l1-2-0.dll,GetProcAddress,13eb3fdd1944500338ae1e0245ac54f6,34df073bc39c1578bf3d95a24cf20936b526a0b411fcce3f33827e9e0dc0bcef,c:\Windows\WinSxS\amd64_microsoft-windows-a..atibility-assistant_31bf3856ad364e35_10.0.18362.356_none_8994b77fb4c80277\pcasvc.dll
pcasvc.dll,680976,3,3237123974,2072-07-30T17:06:14.000Z,imports,api-ms-win-core-libraryloader-l1-2-0.dll,LoadLibraryExW,13eb3fdd1944500338ae1e0245ac54f6,34df073bc39c1578bf3d95a24cf20936b526a0b411fcce3f33827e9e0dc0bcef,c:\Windows\WinSxS\amd64_microsoft-windows-a..atibility-assistant_31bf3856ad364e35_10.0.18362.356_none_8994b77fb4c80277\pcasvc.dll
pcasvc.dll,680976,3,3237123974,2072-07-30T17:06:14.000Z,imports,api-ms-win-core-libraryloader-l1-2-0.dll,LoadResource,13eb3fdd1944500338ae1e0245ac54f6,34df073bc39c1578bf3d95a24cf20936b526a0b411fcce3f33827e9e0dc0bcef,c:\Windows\WinSxS\amd64_microsoft-windows-a..atibility-assistant_31bf3856ad364e35_10.0.18362.356_none_8994b77fb4c80277\pcasvc.dll
pcasvc.dll,680976,3,3237123974,2072-07-30T17:06:14.000Z,imports,api-ms-win-core-libraryloader-l1-2-0.dll,LockResource,13eb3fdd1944500338ae1e0245ac54f6,34df073bc39c1578bf3d95a24cf20936b526a0b411fcce3f33827e9e0dc0bcef,c:\Windows\WinSxS\amd64_microsoft-windows-a..atibility-assistant_31bf3856ad364e35_10.0.18362.356_none_8994b77fb4c80277\pcasvc.dll
pcasvc.dll,680976,3,3237123974,2072-07-30T17:06:14.000Z,imports,api-ms-win-core-libraryloader-l1-2-0.dll,SizeofResource,13eb3fdd1944500338ae1e0245ac54f6,34df073bc39c1578bf3d95a24cf20936b526a0b411fcce3f33827e9e0dc0bcef,c:\Windows\WinSxS\amd64_microsoft-windows-a..atibility-assistant_31bf3856ad364e35_10.0.18362.356_none_8994b77fb4c80277\pcasvc.dll
pcasvc.dll,680976,3,3237123974,2072-07-30T17:06:14.000Z,imports,api-ms-win-core-heap-l1-1-0.dll,GetProcessHeap,13eb3fdd1944500338ae1e0245ac54f6,34df073bc39c1578bf3d95a24cf20936b526a0b411fcce3f33827e9e0dc0bcef,c:\Windows\WinSxS\amd64_microsoft-windows-a..atibility-assistant_31bf3856ad364e35_10.0.18362.356_none_8994b77fb4c80277\pcasvc.dll
pcasvc.dll,680976,3,3237123974,2072-07-30T17:06:14.000Z,imports,api-ms-win-core-heap-l1-1-0.dll,HeapAlloc,13eb3fdd1944500338ae1e0245ac54f6,34df073bc39c1578bf3d95a24cf20936b526a0b411fcce3f33827e9e0dc0bcef,c:\Windows\WinSxS\amd64_microsoft-windows-a..atibility-assistant_31bf3856ad364e35_10.0.18362.356_none_8994b77fb4c80277\pcasvc.dll
pcasvc.dll,680976,3,3237123974,2072-07-30T17:06:14.000Z,imports,api-ms-win-core-heap-l1-1-0.dll,HeapFree,13eb3fdd1944500338ae1e0245ac54f6,34df073bc39c1578bf3d95a24cf20936b526a0b411fcce3f33827e9e0dc0bcef,c:\Windows\WinSxS\amd64_microsoft-windows-a..atibility-assistant_31bf3856ad364e35_10.0.18362.356_none_8994b77fb4c80277\pcasvc.dll
pcasvc.dll,680976,3,3237123974,2072-07-30T17:06:14.000Z,imports,api-ms-win-core-heap-l1-1-0.dll,HeapReAlloc,13eb3fdd1944500338ae1e0245ac54f6,34df073bc39c1578bf3d95a24cf20936b526a0b411fcce3f33827e9e0dc0bcef,c:\Windows\WinSxS\amd64_microsoft-windows-a..atibility-assistant_31bf3856ad364e35_10.0.18362.356_none_8994b77fb4c80277\pcasvc.dll
pcasvc.dll,680976,3,3237123974,2072-07-30T17:06:14.000Z,imports,api-ms-win-core-processthreads-l1-1-0.dll,CreateProcessA,13eb3fdd1944500338ae1e0245ac54f6,34df073bc39c1578bf3d95a24cf20936b526a0b411fcce3f33827e9e0dc0bcef,c:\Windows\WinSxS\amd64_microsoft-windows-a..atibility-assistant_31bf3856ad364e35_10.0.18362.356_none_8994b77fb4c80277\pcasvc.dll
pcasvc.dll,680976,3,3237123974,2072-07-30T17:06:14.000Z,imports,api-ms-win-core-processthreads-l1-1-0.dll,CreateProcessAsUserW,13eb3fdd1944500338ae1e0245ac54f6,34df073bc39c1578bf3d95a24cf20936b526a0b411fcce3f33827e9e0dc0bcef,c:\Windows\WinSxS\amd64_microsoft-windows-a..atibility-assistant_31bf3856ad364e35_10.0.18362.356_none_8994b77fb4c80277\pcasvc.dll
pcasvc.dll,680976,3,3237123974,2072-07-30T17:06:14.000Z,imports,api-ms-win-core-processthreads-l1-1-0.dll,CreateProcessW,13eb3fdd1944500338ae1e0245ac54f6,34df073bc39c1578bf3d95a24cf20936b526a0b411fcce3f33827e9e0dc0bcef,c:\Windows\WinSxS\amd64_microsoft-windows-a..atibility-assistant_31bf3856ad364e35_10.0.18362.356_none_8994b77fb4c80277\pcasvc.dll
pcasvc.dll,680976,3,3237123974,2072-07-30T17:06:14.000Z,imports,api-ms-win-core-processthreads-l1-1-0.dll,CreateThread,13eb3fdd1944500338ae1e0245ac54f6,34df073bc39c1578bf3d95a24cf20936b526a0b411fcce3f33827e9e0dc0bcef,c:\Windows\WinSxS\amd64_microsoft-windows-a..atibility-assistant_31bf3856ad364e35_10.0.18362.356_none_8994b77fb4c80277\pcasvc.dll
pcasvc.dll,680976,3,3237123974,2072-07-30T17:06:14.000Z,imports,api-ms-win-core-processthreads-l1-1-0.dll,ExitProcess,13eb3fdd1944500338ae1e0245ac54f6,34df073bc39c1578bf3d95a24cf20936b526a0b411fcce3f33827e9e0dc0bcef,c:\Windows\WinSxS\amd64_microsoft-windows-a..atibility-assistant_31bf3856ad364e35_10.0.18362.356_none_8994b77fb4c80277\pcasvc.dll
pcasvc.dll,680976,3,3237123974,2072-07-30T17:06:14.000Z,imports,api-ms-win-core-processthreads-l1-1-0.dll,GetCurrentProcess,13eb3fdd1944500338ae1e0245ac54f6,34df073bc39c1578bf3d95a24cf20936b526a0b411fcce3f33827e9e0dc0bcef,c:\Windows\WinSxS\amd64_microsoft-windows-a..atibility-assistant_31bf3856ad364e35_10.0.18362.356_none_8994b77fb4c80277\pcasvc.dll
pcasvc.dll,680976,3,3237123974,2072-07-30T17:06:14.000Z,imports,api-ms-win-core-processthreads-l1-1-0.dll,GetCurrentProcessId,13eb3fdd1944500338ae1e0245ac54f6,34df073bc39c1578bf3d95a24cf20936b526a0b411fcce3f33827e9e0dc0bcef,c:\Windows\WinSxS\amd64_microsoft-windows-a..atibility-assistant_31bf3856ad364e35_10.0.18362.356_none_8994b77fb4c80277\pcasvc.dll
pcasvc.dll,680976,3,3237123974,2072-07-30T17:06:14.000Z,imports,api-ms-win-core-processthreads-l1-1-0.dll,GetCurrentThread,13eb3fdd1944500338ae1e0245ac54f6,34df073bc39c1578bf3d95a24cf20936b526a0b411fcce3f33827e9e0dc0bcef,c:\Windows\WinSxS\amd64_microsoft-windows-a..atibility-assistant_31bf3856ad364e35_10.0.18362.356_none_8994b77fb4c80277\pcasvc.dll
pcasvc.dll,680976,3,3237123974,2072-07-30T17:06:14.000Z,imports,api-ms-win-core-processthreads-l1-1-0.dll,GetCurrentThreadId,13eb3fdd1944500338ae1e0245ac54f6,34df073bc39c1578bf3d95a24cf20936b526a0b411fcce3f33827e9e0dc0bcef,c:\Windows\WinSxS\amd64_microsoft-windows-a..atibility-assistant_31bf3856ad364e35_10.0.18362.356_none_8994b77fb4c80277\pcasvc.dll
pcasvc.dll,680976,3,3237123974,2072-07-30T17:06:14.000Z,imports,api-ms-win-core-processthreads-l1-1-0.dll,GetExitCodeProcess,13eb3fdd1944500338ae1e0245ac54f6,34df073bc39c1578bf3d95a24cf20936b526a0b411fcce3f33827e9e0dc0bcef,c:\Windows\WinSxS\amd64_microsoft-windows-a..atibility-assistant_31bf3856ad364e35_10.0.18362.356_none_8994b77fb4c80277\pcasvc.dll
pcasvc.dll,680976,3,3237123974,2072-07-30T17:06:14.000Z,imports,api-ms-win-core-processthreads-l1-1-0.dll,GetProcessId,13eb3fdd1944500338ae1e0245ac54f6,34df073bc39c1578bf3d95a24cf20936b526a0b411fcce3f33827e9e0dc0bcef,c:\Windows\WinSxS\amd64_microsoft-windows-a..atibility-assistant_31bf3856ad364e35_10.0.18362.356_none_8994b77fb4c80277\pcasvc.dll
pcasvc.dll,680976,3,3237123974,2072-07-30T17:06:14.000Z,imports,api-ms-win-core-processthreads-l1-1-0.dll,OpenProcessToken,13eb3fdd1944500338ae1e0245ac54f6,34df073bc39c1578bf3d95a24cf20936b526a0b411fcce3f33827e9e0dc0bcef,c:\Windows\WinSxS\amd64_microsoft-windows-a..atibility-assistant_31bf3856ad364e35_10.0.18362.356_none_8994b77fb4c80277\pcasvc.dll
pcasvc.dll,680976,3,3237123974,2072-07-30T17:06:14.000Z,imports,api-ms-win-core-processthreads-l1-1-0.dll,ProcessIdToSessionId,13eb3fdd1944500338ae1e0245ac54f6,34df073bc39c1578bf3d95a24cf20936b526a0b411fcce3f33827e9e0dc0bcef,c:\Windows\WinSxS\amd64_microsoft-windows-a..atibility-assistant_31bf3856ad364e35_10.0.18362.356_none_8994b77fb4c80277\pcasvc.dll
pcasvc.dll,680976,3,3237123974,2072-07-30T17:06:14.000Z,imports,api-ms-win-core-processthreads-l1-1-0.dll,TerminateProcess,13eb3fdd1944500338ae1e0245ac54f6,34df073bc39c1578bf3d95a24cf20936b526a0b411fcce3f33827e9e0dc0bcef,c:\Windows\WinSxS\amd64_microsoft-windows-a..atibility-assistant_31bf3856ad364e35_10.0.18362.356_none_8994b77fb4c80277\pcasvc.dll
pcasvc.dll,680976,3,3237123974,2072-07-30T17:06:14.000Z,imports,api-ms-win-core-localization-l1-2-0.dll,FormatMessageW,13eb3fdd1944500338ae1e0245ac54f6,34df073bc39c1578bf3d95a24cf20936b526a0b411fcce3f33827e9e0dc0bcef,c:\Windows\WinSxS\amd64_microsoft-windows-a..atibility-assistant_31bf3856ad364e35_10.0.18362.356_none_8994b77fb4c80277\pcasvc.dll
pcasvc.dll,680976,3,3237123974,2072-07-30T17:06:14.000Z,imports,api-ms-win-core-debug-l1-1-0.dll,DebugBreak,13eb3fdd1944500338ae1e0245ac54f6,34df073bc39c1578bf3d95a24cf20936b526a0b411fcce3f33827e9e0dc0bcef,c:\Windows\WinSxS\amd64_microsoft-windows-a..atibility-assistant_31bf3856ad364e35_10.0.18362.356_none_8994b77fb4c80277\pcasvc.dll
pcasvc.dll,680976,3,3237123974,2072-07-30T17:06:14.000Z,imports,api-ms-win-core-debug-l1-1-0.dll,IsDebuggerPresent,13eb3fdd1944500338ae1e0245ac54f6,34df073bc39c1578bf3d95a24cf20936b526a0b411fcce3f33827e9e0dc0bcef,c:\Windows\WinSxS\amd64_microsoft-windows-a..atibility-assistant_31bf3856ad364e35_10.0.18362.356_none_8994b77fb4c80277\pcasvc.dll
pcasvc.dll,680976,3,3237123974,2072-07-30T17:06:14.000Z,imports,api-ms-win-core-debug-l1-1-0.dll,OutputDebugStringA,13eb3fdd1944500338ae1e0245ac54f6,34df073bc39c1578bf3d95a24cf20936b526a0b411fcce3f33827e9e0dc0bcef,c:\Windows\WinSxS\amd64_microsoft-windows-a..atibility-assistant_31bf3856ad364e35_10.0.18362.356_none_8994b77fb4c80277\pcasvc.dll
pcasvc.dll,680976,3,3237123974,2072-07-30T17:06:14.000Z,imports,api-ms-win-core-debug-l1-1-0.dll,OutputDebugStringW,13eb3fdd1944500338ae1e0245ac54f6,34df073bc39c1578bf3d95a24cf20936b526a0b411fcce3f33827e9e0dc0bcef,c:\Windows\WinSxS\amd64_microsoft-windows-a..atibility-assistant_31bf3856ad364e35_10.0.18362.356_none_8994b77fb4c80277\pcasvc.dll
pcasvc.dll,680976,3,3237123974,2072-07-30T17:06:14.000Z,imports,rpcrt4.dll,I_RpcBindingInqLocalClientPID,13eb3fdd1944500338ae1e0245ac54f6,34df073bc39c1578bf3d95a24cf20936b526a0b411fcce3f33827e9e0dc0bcef,c:\Windows\WinSxS\amd64_microsoft-windows-a..atibility-assistant_31bf3856ad364e35_10.0.18362.356_none_8994b77fb4c80277\pcasvc.dll
pcasvc.dll,680976,3,3237123974,2072-07-30T17:06:14.000Z,imports,rpcrt4.dll,NdrServerCall2,13eb3fdd1944500338ae1e0245ac54f6,34df073bc39c1578bf3d95a24cf20936b526a0b411fcce3f33827e9e0dc0bcef,c:\Windows\WinSxS\amd64_microsoft-windows-a..atibility-assistant_31bf3856ad364e35_10.0.18362.356_none_8994b77fb4c80277\pcasvc.dll
pcasvc.dll,680976,3,3237123974,2072-07-30T17:06:14.000Z,imports,rpcrt4.dll,NdrServerCallAll,13eb3fdd1944500338ae1e0245ac54f6,34df073bc39c1578bf3d95a24cf20936b526a0b411fcce3f33827e9e0dc0bcef,c:\Windows\WinSxS\amd64_microsoft-windows-a..atibility-assistant_31bf3856ad364e35_10.0.18362.356_none_8994b77fb4c80277\pcasvc.dll
pcasvc.dll,680976,3,3237123974,2072-07-30T17:06:14.000Z,imports,rpcrt4.dll,RpcBindingVectorFree,13eb3fdd1944500338ae1e0245ac54f6,34df073bc39c1578bf3d95a24cf20936b526a0b411fcce3f33827e9e0dc0bcef,c:\Windows\WinSxS\amd64_microsoft-windows-a..atibility-assistant_31bf3856ad364e35_10.0.18362.356_none_8994b77fb4c80277\pcasvc.dll
pcasvc.dll,680976,3,3237123974,2072-07-30T17:06:14.000Z,imports,rpcrt4.dll,RpcEpRegisterW,13eb3fdd1944500338ae1e0245ac54f6,34df073bc39c1578bf3d95a24cf20936b526a0b411fcce3f33827e9e0dc0bcef,c:\Windows\WinSxS\amd64_microsoft-windows-a..atibility-assistant_31bf3856ad364e35_10.0.18362.356_none_8994b77fb4c80277\pcasvc.dll
pcasvc.dll,680976,3,3237123974,2072-07-30T17:06:14.000Z,imports,rpcrt4.dll,RpcEpUnregister,13eb3fdd1944500338ae1e0245ac54f6,34df073bc39c1578bf3d95a24cf20936b526a0b411fcce3f33827e9e0dc0bcef,c:\Windows\WinSxS\amd64_microsoft-windows-a..atibility-assistant_31bf3856ad364e35_10.0.18362.356_none_8994b77fb4c80277\pcasvc.dll
pcasvc.dll,680976,3,3237123974,2072-07-30T17:06:14.000Z,imports,rpcrt4.dll,RpcServerInqBindings,13eb3fdd1944500338ae1e0245ac54f6,34df073bc39c1578bf3d95a24cf20936b526a0b411fcce3f33827e9e0dc0bcef,c:\Windows\WinSxS\amd64_microsoft-windows-a..atibility-assistant_31bf3856ad364e35_10.0.18362.356_none_8994b77fb4c80277\pcasvc.dll
pcasvc.dll,680976,3,3237123974,2072-07-30T17:06:14.000Z,imports,rpcrt4.dll,RpcServerRegisterIfEx,13eb3fdd1944500338ae1e0245ac54f6,34df073bc39c1578bf3d95a24cf20936b526a0b411fcce3f33827e9e0dc0bcef,c:\Windows\WinSxS\amd64_microsoft-windows-a..atibility-assistant_31bf3856ad364e35_10.0.18362.356_none_8994b77fb4c80277\pcasvc.dll
pcasvc.dll,680976,3,3237123974,2072-07-30T17:06:14.000Z,imports,rpcrt4.dll,RpcServerUnregisterIf,13eb3fdd1944500338ae1e0245ac54f6,34df073bc39c1578bf3d95a24cf20936b526a0b411fcce3f33827e9e0dc0bcef,c:\Windows\WinSxS\amd64_microsoft-windows-a..atibility-assistant_31bf3856ad364e35_10.0.18362.356_none_8994b77fb4c80277\pcasvc.dll
pcasvc.dll,680976,3,3237123974,2072-07-30T17:06:14.000Z,imports,rpcrt4.dll,RpcServerUseProtseqW,13eb3fdd1944500338ae1e0245ac54f6,34df073bc39c1578bf3d95a24cf20936b526a0b411fcce3f33827e9e0dc0bcef,c:\Windows\WinSxS\amd64_microsoft-windows-a..atibility-assistant_31bf3856ad364e35_10.0.18362.356_none_8994b77fb4c80277\pcasvc.dll
pcasvc.dll,680976,3,3237123974,2072-07-30T17:06:14.000Z,imports,rpcrt4.dll,RpcStringFreeW,13eb3fdd1944500338ae1e0245ac54f6,34df073bc39c1578bf3d95a24cf20936b526a0b411fcce3f33827e9e0dc0bcef,c:\Windows\WinSxS\amd64_microsoft-windows-a..atibility-assistant_31bf3856ad364e35_10.0.18362.356_none_8994b77fb4c80277\pcasvc.dll
pcasvc.dll,680976,3,3237123974,2072-07-30T17:06:14.000Z,imports,rpcrt4.dll,UuidCreate,13eb3fdd1944500338ae1e0245ac54f6,34df073bc39c1578bf3d95a24cf20936b526a0b411fcce3f33827e9e0dc0bcef,c:\Windows\WinSxS\amd64_microsoft-windows-a..atibility-assistant_31bf3856ad364e35_10.0.18362.356_none_8994b77fb4c80277\pcasvc.dll
pcasvc.dll,680976,3,3237123974,2072-07-30T17:06:14.000Z,imports,rpcrt4.dll,UuidCreateSequential,13eb3fdd1944500338ae1e0245ac54f6,34df073bc39c1578bf3d95a24cf20936b526a0b411fcce3f33827e9e0dc0bcef,c:\Windows\WinSxS\amd64_microsoft-windows-a..atibility-assistant_31bf3856ad364e35_10.0.18362.356_none_8994b77fb4c80277\pcasvc.dll
pcasvc.dll,680976,3,3237123974,2072-07-30T17:06:14.000Z,imports,rpcrt4.dll,UuidToStringW,13eb3fdd1944500338ae1e0245ac54f6,34df073bc39c1578bf3d95a24cf20936b526a0b411fcce3f33827e9e0dc0bcef,c:\Windows\WinSxS\amd64_microsoft-windows-a..atibility-assistant_31bf3856ad364e35_10.0.18362.356_none_8994b77fb4c80277\pcasvc.dll
pcasvc.dll,680976,3,3237123974,2072-07-30T17:06:14.000Z,imports,api-ms-win-service-core-l1-1-0.dll,RegisterServiceCtrlHandlerExW,13eb3fdd1944500338ae1e0245ac54f6,34df073bc39c1578bf3d95a24cf20936b526a0b411fcce3f33827e9e0dc0bcef,c:\Windows\WinSxS\amd64_microsoft-windows-a..atibility-assistant_31bf3856ad364e35_10.0.18362.356_none_8994b77fb4c80277\pcasvc.dll
pcasvc.dll,680976,3,3237123974,2072-07-30T17:06:14.000Z,imports,api-ms-win-service-core-l1-1-0.dll,SetServiceStatus,13eb3fdd1944500338ae1e0245ac54f6,34df073bc39c1578bf3d95a24cf20936b526a0b411fcce3f33827e9e0dc0bcef,c:\Windows\WinSxS\amd64_microsoft-windows-a..atibility-assistant_31bf3856ad364e35_10.0.18362.356_none_8994b77fb4c80277\pcasvc.dll
pcasvc.dll,680976,3,3237123974,2072-07-30T17:06:14.000Z,imports,api-ms-win-core-errorhandling-l1-1-0.dll,GetLastError,13eb3fdd1944500338ae1e0245ac54f6,34df073bc39c1578bf3d95a24cf20936b526a0b411fcce3f33827e9e0dc0bcef,c:\Windows\WinSxS\amd64_microsoft-windows-a..atibility-assistant_31bf3856ad364e35_10.0.18362.356_none_8994b77fb4c80277\pcasvc.dll
pcasvc.dll,680976,3,3237123974,2072-07-30T17:06:14.000Z,imports,api-ms-win-core-errorhandling-l1-1-0.dll,RaiseException,13eb3fdd1944500338ae1e0245ac54f6,34df073bc39c1578bf3d95a24cf20936b526a0b411fcce3f33827e9e0dc0bcef,c:\Windows\WinSxS\amd64_microsoft-windows-a..atibility-assistant_31bf3856ad364e35_10.0.18362.356_none_8994b77fb4c80277\pcasvc.dll
pcasvc.dll,680976,3,3237123974,2072-07-30T17:06:14.000Z,imports,api-ms-win-core-errorhandling-l1-1-0.dll,SetErrorMode,13eb3fdd1944500338ae1e0245ac54f6,34df073bc39c1578bf3d95a24cf20936b526a0b411fcce3f33827e9e0dc0bcef,c:\Windows\WinSxS\amd64_microsoft-windows-a..atibility-assistant_31bf3856ad364e35_10.0.18362.356_none_8994b77fb4c80277\pcasvc.dll
pcasvc.dll,680976,3,3237123974,2072-07-30T17:06:14.000Z,imports,api-ms-win-core-errorhandling-l1-1-0.dll,SetLastError,13eb3fdd1944500338ae1e0245ac54f6,34df073bc39c1578bf3d95a24cf20936b526a0b411fcce3f33827e9e0dc0bcef,c:\Windows\WinSxS\amd64_microsoft-windows-a..atibility-assistant_31bf3856ad364e35_10.0.18362.356_none_8994b77fb4c80277\pcasvc.dll
pcasvc.dll,680976,3,3237123974,2072-07-30T17:06:14.000Z,imports,api-ms-win-core-errorhandling-l1-1-0.dll,SetUnhandledExceptionFilter,13eb3fdd1944500338ae1e0245ac54f6,34df073bc39c1578bf3d95a24cf20936b526a0b411fcce3f33827e9e0dc0bcef,c:\Windows\WinSxS\amd64_microsoft-windows-a..atibility-assistant_31bf3856ad364e35_10.0.18362.356_none_8994b77fb4c80277\pcasvc.dll
pcasvc.dll,680976,3,3237123974,2072-07-30T17:06:14.000Z,imports,api-ms-win-core-errorhandling-l1-1-0.dll,UnhandledExceptionFilter,13eb3fdd1944500338ae1e0245ac54f6,34df073bc39c1578bf3d95a24cf20936b526a0b411fcce3f33827e9e0dc0bcef,c:\Windows\WinSxS\amd64_microsoft-windows-a..atibility-assistant_31bf3856ad364e35_10.0.18362.356_none_8994b77fb4c80277\pcasvc.dll
pcasvc.dll,680976,3,3237123974,2072-07-30T17:06:14.000Z,imports,api-ms-win-core-synch-l1-1-0.dll,AcquireSRWLockExclusive,13eb3fdd1944500338ae1e0245ac54f6,34df073bc39c1578bf3d95a24cf20936b526a0b411fcce3f33827e9e0dc0bcef,c:\Windows\WinSxS\amd64_microsoft-windows-a..atibility-assistant_31bf3856ad364e35_10.0.18362.356_none_8994b77fb4c80277\pcasvc.dll
pcasvc.dll,680976,3,3237123974,2072-07-30T17:06:14.000Z,imports,api-ms-win-core-synch-l1-1-0.dll,AcquireSRWLockShared,13eb3fdd1944500338ae1e0245ac54f6,34df073bc39c1578bf3d95a24cf20936b526a0b411fcce3f33827e9e0dc0bcef,c:\Windows\WinSxS\amd64_microsoft-windows-a..atibility-assistant_31bf3856ad364e35_10.0.18362.356_none_8994b77fb4c80277\pcasvc.dll
pcasvc.dll,680976,3,3237123974,2072-07-30T17:06:14.000Z,imports,api-ms-win-core-synch-l1-1-0.dll,CreateEventExW,13eb3fdd1944500338ae1e0245ac54f6,34df073bc39c1578bf3d95a24cf20936b526a0b411fcce3f33827e9e0dc0bcef,c:\Windows\WinSxS\amd64_microsoft-windows-a..atibility-assistant_31bf3856ad364e35_10.0.18362.356_none_8994b77fb4c80277\pcasvc.dll
pcasvc.dll,680976,3,3237123974,2072-07-30T17:06:14.000Z,imports,api-ms-win-core-synch-l1-1-0.dll,CreateEventW,13eb3fdd1944500338ae1e0245ac54f6,34df073bc39c1578bf3d95a24cf20936b526a0b411fcce3f33827e9e0dc0bcef,c:\Windows\WinSxS\amd64_microsoft-windows-a..atibility-assistant_31bf3856ad364e35_10.0.18362.356_none_8994b77fb4c80277\pcasvc.dll
pcasvc.dll,680976,3,3237123974,2072-07-30T17:06:14.000Z,imports,api-ms-win-core-synch-l1-1-0.dll,CreateMutexExW,13eb3fdd1944500338ae1e0245ac54f6,34df073bc39c1578bf3d95a24cf20936b526a0b411fcce3f33827e9e0dc0bcef,c:\Windows\WinSxS\amd64_microsoft-windows-a..atibility-assistant_31bf3856ad364e35_10.0.18362.356_none_8994b77fb4c80277\pcasvc.dll
pcasvc.dll,680976,3,3237123974,2072-07-30T17:06:14.000Z,imports,api-ms-win-core-synch-l1-1-0.dll,CreateMutexW,13eb3fdd1944500338ae1e0245ac54f6,34df073bc39c1578bf3d95a24cf20936b526a0b411fcce3f33827e9e0dc0bcef,c:\Windows\WinSxS\amd64_microsoft-windows-a..atibility-assistant_31bf3856ad364e35_10.0.18362.356_none_8994b77fb4c80277\pcasvc.dll
pcasvc.dll,680976,3,3237123974,2072-07-30T17:06:14.000Z,imports,api-ms-win-core-synch-l1-1-0.dll,CreateSemaphoreExW,13eb3fdd1944500338ae1e0245ac54f6,34df073bc39c1578bf3d95a24cf20936b526a0b411fcce3f33827e9e0dc0bcef,c:\Windows\WinSxS\amd64_microsoft-windows-a..atibility-assistant_31bf3856ad364e35_10.0.18362.356_none_8994b77fb4c80277\pcasvc.dll
pcasvc.dll,680976,3,3237123974,2072-07-30T17:06:14.000Z,imports,api-ms-win-core-synch-l1-1-0.dll,DeleteCriticalSection,13eb3fdd1944500338ae1e0245ac54f6,34df073bc39c1578bf3d95a24cf20936b526a0b411fcce3f33827e9e0dc0bcef,c:\Windows\WinSxS\amd64_microsoft-windows-a..atibility-assistant_31bf3856ad364e35_10.0.18362.356_none_8994b77fb4c80277\pcasvc.dll
pcasvc.dll,680976,3,3237123974,2072-07-30T17:06:14.000Z,imports,api-ms-win-core-synch-l1-1-0.dll,EnterCriticalSection,13eb3fdd1944500338ae1e0245ac54f6,34df073bc39c1578bf3d95a24cf20936b526a0b411fcce3f33827e9e0dc0bcef,c:\Windows\WinSxS\amd64_microsoft-windows-a..atibility-assistant_31bf3856ad364e35_10.0.18362.356_none_8994b77fb4c80277\pcasvc.dll
pcasvc.dll,680976,3,3237123974,2072-07-30T17:06:14.000Z,imports,api-ms-win-core-synch-l1-1-0.dll,InitializeCriticalSection,13eb3fdd1944500338ae1e0245ac54f6,34df073bc39c1578bf3d95a24cf20936b526a0b411fcce3f33827e9e0dc0bcef,c:\Windows\WinSxS\amd64_microsoft-windows-a..atibility-assistant_31bf3856ad364e35_10.0.18362.356_none_8994b77fb4c80277\pcasvc.dll
pcasvc.dll,680976,3,3237123974,2072-07-30T17:06:14.000Z,imports,api-ms-win-core-synch-l1-1-0.dll,InitializeCriticalSectionEx,13eb3fdd1944500338ae1e0245ac54f6,34df073bc39c1578bf3d95a24cf20936b526a0b411fcce3f33827e9e0dc0bcef,c:\Windows\WinSxS\amd64_microsoft-windows-a..atibility-assistant_31bf3856ad364e35_10.0.18362.356_none_8994b77fb4c80277\pcasvc.dll
pcasvc.dll,680976,3,3237123974,2072-07-30T17:06:14.000Z,imports,api-ms-win-core-synch-l1-1-0.dll,LeaveCriticalSection,13eb3fdd1944500338ae1e0245ac54f6,34df073bc39c1578bf3d95a24cf20936b526a0b411fcce3f33827e9e0dc0bcef,c:\Windows\WinSxS\amd64_microsoft-windows-a..atibility-assistant_31bf3856ad364e35_10.0.18362.356_none_8994b77fb4c80277\pcasvc.dll
pcasvc.dll,680976,3,3237123974,2072-07-30T17:06:14.000Z,imports,api-ms-win-core-synch-l1-1-0.dll,OpenEventW,13eb3fdd1944500338ae1e0245ac54f6,34df073bc39c1578bf3d95a24cf20936b526a0b411fcce3f33827e9e0dc0bcef,c:\Windows\WinSxS\amd64_microsoft-windows-a..atibility-assistant_31bf3856ad364e35_10.0.18362.356_none_8994b77fb4c80277\pcasvc.dll
pcasvc.dll,680976,3,3237123974,2072-07-30T17:06:14.000Z,imports,api-ms-win-core-synch-l1-1-0.dll,OpenSemaphoreW,13eb3fdd1944500338ae1e0245ac54f6,34df073bc39c1578bf3d95a24cf20936b526a0b411fcce3f33827e9e0dc0bcef,c:\Windows\WinSxS\amd64_microsoft-windows-a..atibility-assistant_31bf3856ad364e35_10.0.18362.356_none_8994b77fb4c80277\pcasvc.dll
pcasvc.dll,680976,3,3237123974,2072-07-30T17:06:14.000Z,imports,api-ms-win-core-synch-l1-1-0.dll,OpenWaitableTimerW,13eb3fdd1944500338ae1e0245ac54f6,34df073bc39c1578bf3d95a24cf20936b526a0b411fcce3f33827e9e0dc0bcef,c:\Windows\WinSxS\amd64_microsoft-windows-a..atibility-assistant_31bf3856ad364e35_10.0.18362.356_none_8994b77fb4c80277\pcasvc.dll
pcasvc.dll,680976,3,3237123974,2072-07-30T17:06:14.000Z,imports,api-ms-win-core-synch-l1-1-0.dll,ReleaseMutex,13eb3fdd1944500338ae1e0245ac54f6,34df073bc39c1578bf3d95a24cf20936b526a0b411fcce3f33827e9e0dc0bcef,c:\Windows\WinSxS\amd64_microsoft-windows-a..atibility-assistant_31bf3856ad364e35_10.0.18362.356_none_8994b77fb4c80277\pcasvc.dll
pcasvc.dll,680976,3,3237123974,2072-07-30T17:06:14.000Z,imports,api-ms-win-core-synch-l1-1-0.dll,ReleaseSRWLockExclusive,13eb3fdd1944500338ae1e0245ac54f6,34df073bc39c1578bf3d95a24cf20936b526a0b411fcce3f33827e9e0dc0bcef,c:\Windows\WinSxS\amd64_microsoft-windows-a..atibility-assistant_31bf3856ad364e35_10.0.18362.356_none_8994b77fb4c80277\pcasvc.dll
pcasvc.dll,680976,3,3237123974,2072-07-30T17:06:14.000Z,imports,api-ms-win-core-synch-l1-1-0.dll,ReleaseSRWLockShared,13eb3fdd1944500338ae1e0245ac54f6,34df073bc39c1578bf3d95a24cf20936b526a0b411fcce3f33827e9e0dc0bcef,c:\Windows\WinSxS\amd64_microsoft-windows-a..atibility-assistant_31bf3856ad364e35_10.0.18362.356_none_8994b77fb4c80277\pcasvc.dll
pcasvc.dll,680976,3,3237123974,2072-07-30T17:06:14.000Z,imports,api-ms-win-core-synch-l1-1-0.dll,ReleaseSemaphore,13eb3fdd1944500338ae1e0245ac54f6,34df073bc39c1578bf3d95a24cf20936b526a0b411fcce3f33827e9e0dc0bcef,c:\Windows\WinSxS\amd64_microsoft-windows-a..atibility-assistant_31bf3856ad364e35_10.0.18362.356_none_8994b77fb4c80277\pcasvc.dll
pcasvc.dll,680976,3,3237123974,2072-07-30T17:06:14.000Z,imports,api-ms-win-core-synch-l1-1-0.dll,ResetEvent,13eb3fdd1944500338ae1e0245ac54f6,34df073bc39c1578bf3d95a24cf20936b526a0b411fcce3f33827e9e0dc0bcef,c:\Windows\WinSxS\amd64_microsoft-windows-a..atibility-assistant_31bf3856ad364e35_10.0.18362.356_none_8994b77fb4c80277\pcasvc.dll
pcasvc.dll,680976,3,3237123974,2072-07-30T17:06:14.000Z,imports,api-ms-win-core-synch-l1-1-0.dll,SetEvent,13eb3fdd1944500338ae1e0245ac54f6,34df073bc39c1578bf3d95a24cf20936b526a0b411fcce3f33827e9e0dc0bcef,c:\Windows\WinSxS\amd64_microsoft-windows-a..atibility-assistant_31bf3856ad364e35_10.0.18362.356_none_8994b77fb4c80277\pcasvc.dll
pcasvc.dll,680976,3,3237123974,2072-07-30T17:06:14.000Z,imports,api-ms-win-core-synch-l1-1-0.dll,SetWaitableTimer,13eb3fdd1944500338ae1e0245ac54f6,34df073bc39c1578bf3d95a24cf20936b526a0b411fcce3f33827e9e0dc0bcef,c:\Windows\WinSxS\amd64_microsoft-windows-a..atibility-assistant_31bf3856ad364e35_10.0.18362.356_none_8994b77fb4c80277\pcasvc.dll
pcasvc.dll,680976,3,3237123974,2072-07-30T17:06:14.000Z,imports,api-ms-win-core-synch-l1-1-0.dll,TryEnterCriticalSection,13eb3fdd1944500338ae1e0245ac54f6,34df073bc39c1578bf3d95a24cf20936b526a0b411fcce3f33827e9e0dc0bcef,c:\Windows\WinSxS\amd64_microsoft-windows-a..atibility-assistant_31bf3856ad364e35_10.0.18362.356_none_8994b77fb4c80277\pcasvc.dll
pcasvc.dll,680976,3,3237123974,2072-07-30T17:06:14.000Z,imports,api-ms-win-core-synch-l1-1-0.dll,WaitForSingleObject,13eb3fdd1944500338ae1e0245ac54f6,34df073bc39c1578bf3d95a24cf20936b526a0b411fcce3f33827e9e0dc0bcef,c:\Windows\WinSxS\amd64_microsoft-windows-a..atibility-assistant_31bf3856ad364e35_10.0.18362.356_none_8994b77fb4c80277\pcasvc.dll
pcasvc.dll,680976,3,3237123974,2072-07-30T17:06:14.000Z,imports,api-ms-win-core-synch-l1-1-0.dll,WaitForSingleObjectEx,13eb3fdd1944500338ae1e0245ac54f6,34df073bc39c1578bf3d95a24cf20936b526a0b411fcce3f33827e9e0dc0bcef,c:\Windows\WinSxS\amd64_microsoft-windows-a..atibility-assistant_31bf3856ad364e35_10.0.18362.356_none_8994b77fb4c80277\pcasvc.dll
pcasvc.dll,680976,3,3237123974,2072-07-30T17:06:14.000Z,imports,api-ms-win-core-registry-l1-1-0.dll,RegCloseKey,13eb3fdd1944500338ae1e0245ac54f6,34df073bc39c1578bf3d95a24cf20936b526a0b411fcce3f33827e9e0dc0bcef,c:\Windows\WinSxS\amd64_microsoft-windows-a..atibility-assistant_31bf3856ad364e35_10.0.18362.356_none_8994b77fb4c80277\pcasvc.dll
pcasvc.dll,680976,3,3237123974,2072-07-30T17:06:14.000Z,imports,api-ms-win-core-registry-l1-1-0.dll,RegCreateKeyExW,13eb3fdd1944500338ae1e0245ac54f6,34df073bc39c1578bf3d95a24cf20936b526a0b411fcce3f33827e9e0dc0bcef,c:\Windows\WinSxS\amd64_microsoft-windows-a..atibility-assistant_31bf3856ad364e35_10.0.18362.356_none_8994b77fb4c80277\pcasvc.dll
pcasvc.dll,680976,3,3237123974,2072-07-30T17:06:14.000Z,imports,api-ms-win-core-registry-l1-1-0.dll,RegDeleteKeyExW,13eb3fdd1944500338ae1e0245ac54f6,34df073bc39c1578bf3d95a24cf20936b526a0b411fcce3f33827e9e0dc0bcef,c:\Windows\WinSxS\amd64_microsoft-windows-a..atibility-assistant_31bf3856ad364e35_10.0.18362.356_none_8994b77fb4c80277\pcasvc.dll
pcasvc.dll,680976,3,3237123974,2072-07-30T17:06:14.000Z,imports,api-ms-win-core-registry-l1-1-0.dll,RegDeleteTreeW,13eb3fdd1944500338ae1e0245ac54f6,34df073bc39c1578bf3d95a24cf20936b526a0b411fcce3f33827e9e0dc0bcef,c:\Windows\WinSxS\amd64_microsoft-windows-a..atibility-assistant_31bf3856ad364e35_10.0.18362.356_none_8994b77fb4c80277\pcasvc.dll
pcasvc.dll,680976,3,3237123974,2072-07-30T17:06:14.000Z,imports,api-ms-win-core-registry-l1-1-0.dll,RegDeleteValueW,13eb3fdd1944500338ae1e0245ac54f6,34df073bc39c1578bf3d95a24cf20936b526a0b411fcce3f33827e9e0dc0bcef,c:\Windows\WinSxS\amd64_microsoft-windows-a..atibility-assistant_31bf3856ad364e35_10.0.18362.356_none_8994b77fb4c80277\pcasvc.dll
pcasvc.dll,680976,3,3237123974,2072-07-30T17:06:14.000Z,imports,api-ms-win-core-registry-l1-1-0.dll,RegEnumKeyExW,13eb3fdd1944500338ae1e0245ac54f6,34df073bc39c1578bf3d95a24cf20936b526a0b411fcce3f33827e9e0dc0bcef,c:\Windows\WinSxS\amd64_microsoft-windows-a..atibility-assistant_31bf3856ad364e35_10.0.18362.356_none_8994b77fb4c80277\pcasvc.dll
pcasvc.dll,680976,3,3237123974,2072-07-30T17:06:14.000Z,imports,api-ms-win-core-registry-l1-1-0.dll,RegEnumValueW,13eb3fdd1944500338ae1e0245ac54f6,34df073bc39c1578bf3d95a24cf20936b526a0b411fcce3f33827e9e0dc0bcef,c:\Windows\WinSxS\amd64_microsoft-windows-a..atibility-assistant_31bf3856ad364e35_10.0.18362.356_none_8994b77fb4c80277\pcasvc.dll
pcasvc.dll,680976,3,3237123974,2072-07-30T17:06:14.000Z,imports,api-ms-win-core-registry-l1-1-0.dll,RegFlushKey,13eb3fdd1944500338ae1e0245ac54f6,34df073bc39c1578bf3d95a24cf20936b526a0b411fcce3f33827e9e0dc0bcef,c:\Windows\WinSxS\amd64_microsoft-windows-a..atibility-assistant_31bf3856ad364e35_10.0.18362.356_none_8994b77fb4c80277\pcasvc.dll
pcasvc.dll,680976,3,3237123974,2072-07-30T17:06:14.000Z,imports,api-ms-win-core-registry-l1-1-0.dll,RegGetValueW,13eb3fdd1944500338ae1e0245ac54f6,34df073bc39c1578bf3d95a24cf20936b526a0b411fcce3f33827e9e0dc0bcef,c:\Windows\WinSxS\amd64_microsoft-windows-a..atibility-assistant_31bf3856ad364e35_10.0.18362.356_none_8994b77fb4c80277\pcasvc.dll
pcasvc.dll,680976,3,3237123974,2072-07-30T17:06:14.000Z,imports,api-ms-win-core-registry-l1-1-0.dll,RegLoadAppKeyW,13eb3fdd1944500338ae1e0245ac54f6,34df073bc39c1578bf3d95a24cf20936b526a0b411fcce3f33827e9e0dc0bcef,c:\Windows\WinSxS\amd64_microsoft-windows-a..atibility-assistant_31bf3856ad364e35_10.0.18362.356_none_8994b77fb4c80277\pcasvc.dll
pcasvc.dll,680976,3,3237123974,2072-07-30T17:06:14.000Z,imports,api-ms-win-core-registry-l1-1-0.dll,RegLoadKeyW,13eb3fdd1944500338ae1e0245ac54f6,34df073bc39c1578bf3d95a24cf20936b526a0b411fcce3f33827e9e0dc0bcef,c:\Windows\WinSxS\amd64_microsoft-windows-a..atibility-assistant_31bf3856ad364e35_10.0.18362.356_none_8994b77fb4c80277\pcasvc.dll
pcasvc.dll,680976,3,3237123974,2072-07-30T17:06:14.000Z,imports,api-ms-win-core-registry-l1-1-0.dll,RegNotifyChangeKeyValue,13eb3fdd1944500338ae1e0245ac54f6,34df073bc39c1578bf3d95a24cf20936b526a0b411fcce3f33827e9e0dc0bcef,c:\Windows\WinSxS\amd64_microsoft-windows-a..atibility-assistant_31bf3856ad364e35_10.0.18362.356_none_8994b77fb4c80277\pcasvc.dll
pcasvc.dll,680976,3,3237123974,2072-07-30T17:06:14.000Z,imports,api-ms-win-core-registry-l1-1-0.dll,RegOpenKeyExW,13eb3fdd1944500338ae1e0245ac54f6,34df073bc39c1578bf3d95a24cf20936b526a0b411fcce3f33827e9e0dc0bcef,c:\Windows\WinSxS\amd64_microsoft-windows-a..atibility-assistant_31bf3856ad364e35_10.0.18362.356_none_8994b77fb4c80277\pcasvc.dll
pcasvc.dll,680976,3,3237123974,2072-07-30T17:06:14.000Z,imports,api-ms-win-core-registry-l1-1-0.dll,RegQueryInfoKeyW,13eb3fdd1944500338ae1e0245ac54f6,34df073bc39c1578bf3d95a24cf20936b526a0b411fcce3f33827e9e0dc0bcef,c:\Windows\WinSxS\amd64_microsoft-windows-a..atibility-assistant_31bf3856ad364e35_10.0.18362.356_none_8994b77fb4c80277\pcasvc.dll
pcasvc.dll,680976,3,3237123974,2072-07-30T17:06:14.000Z,imports,api-ms-win-core-registry-l1-1-0.dll,RegQueryValueExW,13eb3fdd1944500338ae1e0245ac54f6,34df073bc39c1578bf3d95a24cf20936b526a0b411fcce3f33827e9e0dc0bcef,c:\Windows\WinSxS\amd64_microsoft-windows-a..atibility-assistant_31bf3856ad364e35_10.0.18362.356_none_8994b77fb4c80277\pcasvc.dll
pcasvc.dll,680976,3,3237123974,2072-07-30T17:06:14.000Z,imports,api-ms-win-core-registry-l1-1-0.dll,RegSaveKeyExW,13eb3fdd1944500338ae1e0245ac54f6,34df073bc39c1578bf3d95a24cf20936b526a0b411fcce3f33827e9e0dc0bcef,c:\Windows\WinSxS\amd64_microsoft-windows-a..atibility-assistant_31bf3856ad364e35_10.0.18362.356_none_8994b77fb4c80277\pcasvc.dll
pcasvc.dll,680976,3,3237123974,2072-07-30T17:06:14.000Z,imports,api-ms-win-core-registry-l1-1-0.dll,RegSetKeySecurity,13eb3fdd1944500338ae1e0245ac54f6,34df073bc39c1578bf3d95a24cf20936b526a0b411fcce3f33827e9e0dc0bcef,c:\Windows\WinSxS\amd64_microsoft-windows-a..atibility-assistant_31bf3856ad364e35_10.0.18362.356_none_8994b77fb4c80277\pcasvc.dll
pcasvc.dll,680976,3,3237123974,2072-07-30T17:06:14.000Z,imports,api-ms-win-core-registry-l1-1-0.dll,RegSetValueExW,13eb3fdd1944500338ae1e0245ac54f6,34df073bc39c1578bf3d95a24cf20936b526a0b411fcce3f33827e9e0dc0bcef,c:\Windows\WinSxS\amd64_microsoft-windows-a..atibility-assistant_31bf3856ad364e35_10.0.18362.356_none_8994b77fb4c80277\pcasvc.dll
pcasvc.dll,680976,3,3237123974,2072-07-30T17:06:14.000Z,imports,api-ms-win-core-registry-l1-1-0.dll,RegUnLoadKeyW,13eb3fdd1944500338ae1e0245ac54f6,34df073bc39c1578bf3d95a24cf20936b526a0b411fcce3f33827e9e0dc0bcef,c:\Windows\WinSxS\amd64_microsoft-windows-a..atibility-assistant_31bf3856ad364e35_10.0.18362.356_none_8994b77fb4c80277\pcasvc.dll
pcasvc.dll,680976,3,3237123974,2072-07-30T17:06:14.000Z,imports,api-ms-win-core-synch-l1-2-0.dll,InitOnceBeginInitialize,13eb3fdd1944500338ae1e0245ac54f6,34df073bc39c1578bf3d95a24cf20936b526a0b411fcce3f33827e9e0dc0bcef,c:\Windows\WinSxS\amd64_microsoft-windows-a..atibility-assistant_31bf3856ad364e35_10.0.18362.356_none_8994b77fb4c80277\pcasvc.dll
pcasvc.dll,680976,3,3237123974,2072-07-30T17:06:14.000Z,imports,api-ms-win-core-synch-l1-2-0.dll,InitOnceComplete,13eb3fdd1944500338ae1e0245ac54f6,34df073bc39c1578bf3d95a24cf20936b526a0b411fcce3f33827e9e0dc0bcef,c:\Windows\WinSxS\amd64_microsoft-windows-a..atibility-assistant_31bf3856ad364e35_10.0.18362.356_none_8994b77fb4c80277\pcasvc.dll
pcasvc.dll,680976,3,3237123974,2072-07-30T17:06:14.000Z,imports,api-ms-win-core-synch-l1-2-0.dll,Sleep,13eb3fdd1944500338ae1e0245ac54f6,34df073bc39c1578bf3d95a24cf20936b526a0b411fcce3f33827e9e0dc0bcef,c:\Windows\WinSxS\amd64_microsoft-windows-a..atibility-assistant_31bf3856ad364e35_10.0.18362.356_none_8994b77fb4c80277\pcasvc.dll
pcasvc.dll,680976,3,3237123974,2072-07-30T17:06:14.000Z,imports,api-ms-win-core-synch-l1-2-0.dll,SleepConditionVariableSRW,13eb3fdd1944500338ae1e0245ac54f6,34df073bc39c1578bf3d95a24cf20936b526a0b411fcce3f33827e9e0dc0bcef,c:\Windows\WinSxS\amd64_microsoft-windows-a..atibility-assistant_31bf3856ad364e35_10.0.18362.356_none_8994b77fb4c80277\pcasvc.dll
pcasvc.dll,680976,3,3237123974,2072-07-30T17:06:14.000Z,imports,api-ms-win-core-synch-l1-2-0.dll,WakeAllConditionVariable,13eb3fdd1944500338ae1e0245ac54f6,34df073bc39c1578bf3d95a24cf20936b526a0b411fcce3f33827e9e0dc0bcef,c:\Windows\WinSxS\amd64_microsoft-windows-a..atibility-assistant_31bf3856ad364e35_10.0.18362.356_none_8994b77fb4c80277\pcasvc.dll
pcasvc.dll,680976,3,3237123974,2072-07-30T17:06:14.000Z,imports,api-ms-win-eventing-provider-l1-1-0.dll,EventRegister,13eb3fdd1944500338ae1e0245ac54f6,34df073bc39c1578bf3d95a24cf20936b526a0b411fcce3f33827e9e0dc0bcef,c:\Windows\WinSxS\amd64_microsoft-windows-a..atibility-assistant_31bf3856ad364e35_10.0.18362.356_none_8994b77fb4c80277\pcasvc.dll
pcasvc.dll,680976,3,3237123974,2072-07-30T17:06:14.000Z,imports,api-ms-win-eventing-provider-l1-1-0.dll,EventSetInformation,13eb3fdd1944500338ae1e0245ac54f6,34df073bc39c1578bf3d95a24cf20936b526a0b411fcce3f33827e9e0dc0bcef,c:\Windows\WinSxS\amd64_microsoft-windows-a..atibility-assistant_31bf3856ad364e35_10.0.18362.356_none_8994b77fb4c80277\pcasvc.dll
pcasvc.dll,680976,3,3237123974,2072-07-30T17:06:14.000Z,imports,api-ms-win-eventing-provider-l1-1-0.dll,EventUnregister,13eb3fdd1944500338ae1e0245ac54f6,34df073bc39c1578bf3d95a24cf20936b526a0b411fcce3f33827e9e0dc0bcef,c:\Windows\WinSxS\amd64_microsoft-windows-a..atibility-assistant_31bf3856ad364e35_10.0.18362.356_none_8994b77fb4c80277\pcasvc.dll
pcasvc.dll,680976,3,3237123974,2072-07-30T17:06:14.000Z,imports,api-ms-win-eventing-provider-l1-1-0.dll,EventWriteTransfer,13eb3fdd1944500338ae1e0245ac54f6,34df073bc39c1578bf3d95a24cf20936b526a0b411fcce3f33827e9e0dc0bcef,c:\Windows\WinSxS\amd64_microsoft-windows-a..atibility-assistant_31bf3856ad364e35_10.0.18362.356_none_8994b77fb4c80277\pcasvc.dll
pcasvc.dll,680976,3,3237123974,2072-07-30T17:06:14.000Z,imports,api-ms-win-power-base-l1-1-0.dll,PowerRegisterSuspendResumeNotification,13eb3fdd1944500338ae1e0245ac54f6,34df073bc39c1578bf3d95a24cf20936b526a0b411fcce3f33827e9e0dc0bcef,c:\Windows\WinSxS\amd64_microsoft-windows-a..atibility-assistant_31bf3856ad364e35_10.0.18362.356_none_8994b77fb4c80277\pcasvc.dll
pcasvc.dll,680976,3,3237123974,2072-07-30T17:06:14.000Z,imports,api-ms-win-power-base-l1-1-0.dll,PowerUnregisterSuspendResumeNotification,13eb3fdd1944500338ae1e0245ac54f6,34df073bc39c1578bf3d95a24cf20936b526a0b411fcce3f33827e9e0dc0bcef,c:\Windows\WinSxS\amd64_microsoft-windows-a..atibility-assistant_31bf3856ad364e35_10.0.18362.356_none_8994b77fb4c80277\pcasvc.dll
pcasvc.dll,680976,3,3237123974,2072-07-30T17:06:14.000Z,imports,api-ms-win-core-handle-l1-1-0.dll,CloseHandle,13eb3fdd1944500338ae1e0245ac54f6,34df073bc39c1578bf3d95a24cf20936b526a0b411fcce3f33827e9e0dc0bcef,c:\Windows\WinSxS\amd64_microsoft-windows-a..atibility-assistant_31bf3856ad364e35_10.0.18362.356_none_8994b77fb4c80277\pcasvc.dll
pcasvc.dll,680976,3,3237123974,2072-07-30T17:06:14.000Z,imports,api-ms-win-core-handle-l1-1-0.dll,DuplicateHandle,13eb3fdd1944500338ae1e0245ac54f6,34df073bc39c1578bf3d95a24cf20936b526a0b411fcce3f33827e9e0dc0bcef,c:\Windows\WinSxS\amd64_microsoft-windows-a..atibility-assistant_31bf3856ad364e35_10.0.18362.356_none_8994b77fb4c80277\pcasvc.dll
pcasvc.dll,680976,3,3237123974,2072-07-30T17:06:14.000Z,imports,api-ms-win-core-threadpool-l1-2-0.dll,CloseThreadpool,13eb3fdd1944500338ae1e0245ac54f6,34df073bc39c1578bf3d95a24cf20936b526a0b411fcce3f33827e9e0dc0bcef,c:\Windows\WinSxS\amd64_microsoft-windows-a..atibility-assistant_31bf3856ad364e35_10.0.18362.356_none_8994b77fb4c80277\pcasvc.dll
pcasvc.dll,680976,3,3237123974,2072-07-30T17:06:14.000Z,imports,api-ms-win-core-threadpool-l1-2-0.dll,CloseThreadpoolTimer,13eb3fdd1944500338ae1e0245ac54f6,34df073bc39c1578bf3d95a24cf20936b526a0b411fcce3f33827e9e0dc0bcef,c:\Windows\WinSxS\amd64_microsoft-windows-a..atibility-assistant_31bf3856ad364e35_10.0.18362.356_none_8994b77fb4c80277\pcasvc.dll
pcasvc.dll,680976,3,3237123974,2072-07-30T17:06:14.000Z,imports,api-ms-win-core-threadpool-l1-2-0.dll,CloseThreadpoolWait,13eb3fdd1944500338ae1e0245ac54f6,34df073bc39c1578bf3d95a24cf20936b526a0b411fcce3f33827e9e0dc0bcef,c:\Windows\WinSxS\amd64_microsoft-windows-a..atibility-assistant_31bf3856ad364e35_10.0.18362.356_none_8994b77fb4c80277\pcasvc.dll
pcasvc.dll,680976,3,3237123974,2072-07-30T17:06:14.000Z,imports,api-ms-win-core-threadpool-l1-2-0.dll,CloseThreadpoolWork,13eb3fdd1944500338ae1e0245ac54f6,34df073bc39c1578bf3d95a24cf20936b526a0b411fcce3f33827e9e0dc0bcef,c:\Windows\WinSxS\amd64_microsoft-windows-a..atibility-assistant_31bf3856ad364e35_10.0.18362.356_none_8994b77fb4c80277\pcasvc.dll
pcasvc.dll,680976,3,3237123974,2072-07-30T17:06:14.000Z,imports,api-ms-win-core-threadpool-l1-2-0.dll,CreateThreadpool,13eb3fdd1944500338ae1e0245ac54f6,34df073bc39c1578bf3d95a24cf20936b526a0b411fcce3f33827e9e0dc0bcef,c:\Windows\WinSxS\amd64_microsoft-windows-a..atibility-assistant_31bf3856ad364e35_10.0.18362.356_none_8994b77fb4c80277\pcasvc.dll
pcasvc.dll,680976,3,3237123974,2072-07-30T17:06:14.000Z,imports,api-ms-win-core-threadpool-l1-2-0.dll,CreateThreadpoolTimer,13eb3fdd1944500338ae1e0245ac54f6,34df073bc39c1578bf3d95a24cf20936b526a0b411fcce3f33827e9e0dc0bcef,c:\Windows\WinSxS\amd64_microsoft-windows-a..atibility-assistant_31bf3856ad364e35_10.0.18362.356_none_8994b77fb4c80277\pcasvc.dll
pcasvc.dll,680976,3,3237123974,2072-07-30T17:06:14.000Z,imports,api-ms-win-core-threadpool-l1-2-0.dll,CreateThreadpoolWait,13eb3fdd1944500338ae1e0245ac54f6,34df073bc39c1578bf3d95a24cf20936b526a0b411fcce3f33827e9e0dc0bcef,c:\Windows\WinSxS\amd64_microsoft-windows-a..atibility-assistant_31bf3856ad364e35_10.0.18362.356_none_8994b77fb4c80277\pcasvc.dll
pcasvc.dll,680976,3,3237123974,2072-07-30T17:06:14.000Z,imports,api-ms-win-core-threadpool-l1-2-0.dll,CreateThreadpoolWork,13eb3fdd1944500338ae1e0245ac54f6,34df073bc39c1578bf3d95a24cf20936b526a0b411fcce3f33827e9e0dc0bcef,c:\Windows\WinSxS\amd64_microsoft-windows-a..atibility-assistant_31bf3856ad364e35_10.0.18362.356_none_8994b77fb4c80277\pcasvc.dll
pcasvc.dll,680976,3,3237123974,2072-07-30T17:06:14.000Z,imports,api-ms-win-core-threadpool-l1-2-0.dll,SetThreadpoolThreadMaximum,13eb3fdd1944500338ae1e0245ac54f6,34df073bc39c1578bf3d95a24cf20936b526a0b411fcce3f33827e9e0dc0bcef,c:\Windows\WinSxS\amd64_microsoft-windows-a..atibility-assistant_31bf3856ad364e35_10.0.18362.356_none_8994b77fb4c80277\pcasvc.dll
pcasvc.dll,680976,3,3237123974,2072-07-30T17:06:14.000Z,imports,api-ms-win-core-threadpool-l1-2-0.dll,SetThreadpoolThreadMinimum,13eb3fdd1944500338ae1e0245ac54f6,34df073bc39c1578bf3d95a24cf20936b526a0b411fcce3f33827e9e0dc0bcef,c:\Windows\WinSxS\amd64_microsoft-windows-a..atibility-assistant_31bf3856ad364e35_10.0.18362.356_none_8994b77fb4c80277\pcasvc.dll
pcasvc.dll,680976,3,3237123974,2072-07-30T17:06:14.000Z,imports,api-ms-win-core-threadpool-l1-2-0.dll,SetThreadpoolTimer,13eb3fdd1944500338ae1e0245ac54f6,34df073bc39c1578bf3d95a24cf20936b526a0b411fcce3f33827e9e0dc0bcef,c:\Windows\WinSxS\amd64_microsoft-windows-a..atibility-assistant_31bf3856ad364e35_10.0.18362.356_none_8994b77fb4c80277\pcasvc.dll
pcasvc.dll,680976,3,3237123974,2072-07-30T17:06:14.000Z,imports,api-ms-win-core-threadpool-l1-2-0.dll,SetThreadpoolWait,13eb3fdd1944500338ae1e0245ac54f6,34df073bc39c1578bf3d95a24cf20936b526a0b411fcce3f33827e9e0dc0bcef,c:\Windows\WinSxS\amd64_microsoft-windows-a..atibility-assistant_31bf3856ad364e35_10.0.18362.356_none_8994b77fb4c80277\pcasvc.dll
pcasvc.dll,680976,3,3237123974,2072-07-30T17:06:14.000Z,imports,api-ms-win-core-threadpool-l1-2-0.dll,SubmitThreadpoolWork,13eb3fdd1944500338ae1e0245ac54f6,34df073bc39c1578bf3d95a24cf20936b526a0b411fcce3f33827e9e0dc0bcef,c:\Windows\WinSxS\amd64_microsoft-windows-a..atibility-assistant_31bf3856ad364e35_10.0.18362.356_none_8994b77fb4c80277\pcasvc.dll
pcasvc.dll,680976,3,3237123974,2072-07-30T17:06:14.000Z,imports,api-ms-win-core-threadpool-l1-2-0.dll,WaitForThreadpoolTimerCallbacks,13eb3fdd1944500338ae1e0245ac54f6,34df073bc39c1578bf3d95a24cf20936b526a0b411fcce3f33827e9e0dc0bcef,c:\Windows\WinSxS\amd64_microsoft-windows-a..atibility-assistant_31bf3856ad364e35_10.0.18362.356_none_8994b77fb4c80277\pcasvc.dll
pcasvc.dll,680976,3,3237123974,2072-07-30T17:06:14.000Z,imports,api-ms-win-core-threadpool-l1-2-0.dll,WaitForThreadpoolWaitCallbacks,13eb3fdd1944500338ae1e0245ac54f6,34df073bc39c1578bf3d95a24cf20936b526a0b411fcce3f33827e9e0dc0bcef,c:\Windows\WinSxS\amd64_microsoft-windows-a..atibility-assistant_31bf3856ad364e35_10.0.18362.356_none_8994b77fb4c80277\pcasvc.dll
pcasvc.dll,680976,3,3237123974,2072-07-30T17:06:14.000Z,imports,api-ms-win-core-threadpool-l1-2-0.dll,WaitForThreadpoolWorkCallbacks,13eb3fdd1944500338ae1e0245ac54f6,34df073bc39c1578bf3d95a24cf20936b526a0b411fcce3f33827e9e0dc0bcef,c:\Windows\WinSxS\amd64_microsoft-windows-a..atibility-assistant_31bf3856ad364e35_10.0.18362.356_none_8994b77fb4c80277\pcasvc.dll
pcasvc.dll,680976,3,3237123974,2072-07-30T17:06:14.000Z,imports,api-ms-win-core-sysinfo-l1-1-0.dll,GetLocalTime,13eb3fdd1944500338ae1e0245ac54f6,34df073bc39c1578bf3d95a24cf20936b526a0b411fcce3f33827e9e0dc0bcef,c:\Windows\WinSxS\amd64_microsoft-windows-a..atibility-assistant_31bf3856ad364e35_10.0.18362.356_none_8994b77fb4c80277\pcasvc.dll
pcasvc.dll,680976,3,3237123974,2072-07-30T17:06:14.000Z,imports,api-ms-win-core-sysinfo-l1-1-0.dll,GetSystemDirectoryW,13eb3fdd1944500338ae1e0245ac54f6,34df073bc39c1578bf3d95a24cf20936b526a0b411fcce3f33827e9e0dc0bcef,c:\Windows\WinSxS\amd64_microsoft-windows-a..atibility-assistant_31bf3856ad364e35_10.0.18362.356_none_8994b77fb4c80277\pcasvc.dll
pcasvc.dll,680976,3,3237123974,2072-07-30T17:06:14.000Z,imports,api-ms-win-core-sysinfo-l1-1-0.dll,GetSystemInfo,13eb3fdd1944500338ae1e0245ac54f6,34df073bc39c1578bf3d95a24cf20936b526a0b411fcce3f33827e9e0dc0bcef,c:\Windows\WinSxS\amd64_microsoft-windows-a..atibility-assistant_31bf3856ad364e35_10.0.18362.356_none_8994b77fb4c80277\pcasvc.dll
pcasvc.dll,680976,3,3237123974,2072-07-30T17:06:14.000Z,imports,api-ms-win-core-sysinfo-l1-1-0.dll,GetSystemTime,13eb3fdd1944500338ae1e0245ac54f6,34df073bc39c1578bf3d95a24cf20936b526a0b411fcce3f33827e9e0dc0bcef,c:\Windows\WinSxS\amd64_microsoft-windows-a..atibility-assistant_31bf3856ad364e35_10.0.18362.356_none_8994b77fb4c80277\pcasvc.dll
pcasvc.dll,680976,3,3237123974,2072-07-30T17:06:14.000Z,imports,api-ms-win-core-sysinfo-l1-1-0.dll,GetSystemTimeAsFileTime,13eb3fdd1944500338ae1e0245ac54f6,34df073bc39c1578bf3d95a24cf20936b526a0b411fcce3f33827e9e0dc0bcef,c:\Windows\WinSxS\amd64_microsoft-windows-a..atibility-assistant_31bf3856ad364e35_10.0.18362.356_none_8994b77fb4c80277\pcasvc.dll
pcasvc.dll,680976,3,3237123974,2072-07-30T17:06:14.000Z,imports,api-ms-win-core-sysinfo-l1-1-0.dll,GetSystemWindowsDirectoryW,13eb3fdd1944500338ae1e0245ac54f6,34df073bc39c1578bf3d95a24cf20936b526a0b411fcce3f33827e9e0dc0bcef,c:\Windows\WinSxS\amd64_microsoft-windows-a..atibility-assistant_31bf3856ad364e35_10.0.18362.356_none_8994b77fb4c80277\pcasvc.dll
pcasvc.dll,680976,3,3237123974,2072-07-30T17:06:14.000Z,imports,api-ms-win-core-sysinfo-l1-1-0.dll,GetTickCount,13eb3fdd1944500338ae1e0245ac54f6,34df073bc39c1578bf3d95a24cf20936b526a0b411fcce3f33827e9e0dc0bcef,c:\Windows\WinSxS\amd64_microsoft-windows-a..atibility-assistant_31bf3856ad364e35_10.0.18362.356_none_8994b77fb4c80277\pcasvc.dll
pcasvc.dll,680976,3,3237123974,2072-07-30T17:06:14.000Z,imports,api-ms-win-core-sysinfo-l1-1-0.dll,GetTickCount64,13eb3fdd1944500338ae1e0245ac54f6,34df073bc39c1578bf3d95a24cf20936b526a0b411fcce3f33827e9e0dc0bcef,c:\Windows\WinSxS\amd64_microsoft-windows-a..atibility-assistant_31bf3856ad364e35_10.0.18362.356_none_8994b77fb4c80277\pcasvc.dll
pcasvc.dll,680976,3,3237123974,2072-07-30T17:06:14.000Z,imports,api-ms-win-core-sysinfo-l1-1-0.dll,GetVersionExW,13eb3fdd1944500338ae1e0245ac54f6,34df073bc39c1578bf3d95a24cf20936b526a0b411fcce3f33827e9e0dc0bcef,c:\Windows\WinSxS\amd64_microsoft-windows-a..atibility-assistant_31bf3856ad364e35_10.0.18362.356_none_8994b77fb4c80277\pcasvc.dll
pcasvc.dll,680976,3,3237123974,2072-07-30T17:06:14.000Z,imports,api-ms-win-core-sysinfo-l1-1-0.dll,GlobalMemoryStatusEx,13eb3fdd1944500338ae1e0245ac54f6,34df073bc39c1578bf3d95a24cf20936b526a0b411fcce3f33827e9e0dc0bcef,c:\Windows\WinSxS\amd64_microsoft-windows-a..atibility-assistant_31bf3856ad364e35_10.0.18362.356_none_8994b77fb4c80277\pcasvc.dll
pcasvc.dll,680976,3,3237123974,2072-07-30T17:06:14.000Z,imports,api-ms-win-core-file-l1-1-0.dll,CreateDirectoryW,13eb3fdd1944500338ae1e0245ac54f6,34df073bc39c1578bf3d95a24cf20936b526a0b411fcce3f33827e9e0dc0bcef,c:\Windows\WinSxS\amd64_microsoft-windows-a..atibility-assistant_31bf3856ad364e35_10.0.18362.356_none_8994b77fb4c80277\pcasvc.dll
pcasvc.dll,680976,3,3237123974,2072-07-30T17:06:14.000Z,imports,api-ms-win-core-file-l1-1-0.dll,CreateFileW,13eb3fdd1944500338ae1e0245ac54f6,34df073bc39c1578bf3d95a24cf20936b526a0b411fcce3f33827e9e0dc0bcef,c:\Windows\WinSxS\amd64_microsoft-windows-a..atibility-assistant_31bf3856ad364e35_10.0.18362.356_none_8994b77fb4c80277\pcasvc.dll
pcasvc.dll,680976,3,3237123974,2072-07-30T17:06:14.000Z,imports,api-ms-win-core-file-l1-1-0.dll,DeleteFileW,13eb3fdd1944500338ae1e0245ac54f6,34df073bc39c1578bf3d95a24cf20936b526a0b411fcce3f33827e9e0dc0bcef,c:\Windows\WinSxS\amd64_microsoft-windows-a..atibility-assistant_31bf3856ad364e35_10.0.18362.356_none_8994b77fb4c80277\pcasvc.dll
pcasvc.dll,680976,3,3237123974,2072-07-30T17:06:14.000Z,imports,api-ms-win-core-file-l1-1-0.dll,FindClose,13eb3fdd1944500338ae1e0245ac54f6,34df073bc39c1578bf3d95a24cf20936b526a0b411fcce3f33827e9e0dc0bcef,c:\Windows\WinSxS\amd64_microsoft-windows-a..atibility-assistant_31bf3856ad364e35_10.0.18362.356_none_8994b77fb4c80277\pcasvc.dll
pcasvc.dll,680976,3,3237123974,2072-07-30T17:06:14.000Z,imports,api-ms-win-core-file-l1-1-0.dll,FindFirstFileW,13eb3fdd1944500338ae1e0245ac54f6,34df073bc39c1578bf3d95a24cf20936b526a0b411fcce3f33827e9e0dc0bcef,c:\Windows\WinSxS\amd64_microsoft-windows-a..atibility-assistant_31bf3856ad364e35_10.0.18362.356_none_8994b77fb4c80277\pcasvc.dll
pcasvc.dll,680976,3,3237123974,2072-07-30T17:06:14.000Z,imports,api-ms-win-core-file-l1-1-0.dll,FindNextFileW,13eb3fdd1944500338ae1e0245ac54f6,34df073bc39c1578bf3d95a24cf20936b526a0b411fcce3f33827e9e0dc0bcef,c:\Windows\WinSxS\amd64_microsoft-windows-a..atibility-assistant_31bf3856ad364e35_10.0.18362.356_none_8994b77fb4c80277\pcasvc.dll
pcasvc.dll,680976,3,3237123974,2072-07-30T17:06:14.000Z,imports,api-ms-win-core-file-l1-1-0.dll,GetDiskFreeSpaceExW,13eb3fdd1944500338ae1e0245ac54f6,34df073bc39c1578bf3d95a24cf20936b526a0b411fcce3f33827e9e0dc0bcef,c:\Windows\WinSxS\amd64_microsoft-windows-a..atibility-assistant_31bf3856ad364e35_10.0.18362.356_none_8994b77fb4c80277\pcasvc.dll
pcasvc.dll,680976,3,3237123974,2072-07-30T17:06:14.000Z,imports,api-ms-win-core-file-l1-1-0.dll,GetDriveTypeW,13eb3fdd1944500338ae1e0245ac54f6,34df073bc39c1578bf3d95a24cf20936b526a0b411fcce3f33827e9e0dc0bcef,c:\Windows\WinSxS\amd64_microsoft-windows-a..atibility-assistant_31bf3856ad364e35_10.0.18362.356_none_8994b77fb4c80277\pcasvc.dll
pcasvc.dll,680976,3,3237123974,2072-07-30T17:06:14.000Z,imports,api-ms-win-core-file-l1-1-0.dll,GetFileAttributesW,13eb3fdd1944500338ae1e0245ac54f6,34df073bc39c1578bf3d95a24cf20936b526a0b411fcce3f33827e9e0dc0bcef,c:\Windows\WinSxS\amd64_microsoft-windows-a..atibility-assistant_31bf3856ad364e35_10.0.18362.356_none_8994b77fb4c80277\pcasvc.dll
pcasvc.dll,680976,3,3237123974,2072-07-30T17:06:14.000Z,imports,api-ms-win-core-file-l1-1-0.dll,GetFileInformationByHandle,13eb3fdd1944500338ae1e0245ac54f6,34df073bc39c1578bf3d95a24cf20936b526a0b411fcce3f33827e9e0dc0bcef,c:\Windows\WinSxS\amd64_microsoft-windows-a..atibility-assistant_31bf3856ad364e35_10.0.18362.356_none_8994b77fb4c80277\pcasvc.dll
pcasvc.dll,680976,3,3237123974,2072-07-30T17:06:14.000Z,imports,api-ms-win-core-file-l1-1-0.dll,GetFileSize,13eb3fdd1944500338ae1e0245ac54f6,34df073bc39c1578bf3d95a24cf20936b526a0b411fcce3f33827e9e0dc0bcef,c:\Windows\WinSxS\amd64_microsoft-windows-a..atibility-assistant_31bf3856ad364e35_10.0.18362.356_none_8994b77fb4c80277\pcasvc.dll
pcasvc.dll,680976,3,3237123974,2072-07-30T17:06:14.000Z,imports,api-ms-win-core-file-l1-1-0.dll,GetFileSizeEx,13eb3fdd1944500338ae1e0245ac54f6,34df073bc39c1578bf3d95a24cf20936b526a0b411fcce3f33827e9e0dc0bcef,c:\Windows\WinSxS\amd64_microsoft-windows-a..atibility-assistant_31bf3856ad364e35_10.0.18362.356_none_8994b77fb4c80277\pcasvc.dll
pcasvc.dll,680976,3,3237123974,2072-07-30T17:06:14.000Z,imports,api-ms-win-core-file-l1-1-0.dll,GetFileTime,13eb3fdd1944500338ae1e0245ac54f6,34df073bc39c1578bf3d95a24cf20936b526a0b411fcce3f33827e9e0dc0bcef,c:\Windows\WinSxS\amd64_microsoft-windows-a..atibility-assistant_31bf3856ad364e35_10.0.18362.356_none_8994b77fb4c80277\pcasvc.dll
pcasvc.dll,680976,3,3237123974,2072-07-30T17:06:14.000Z,imports,api-ms-win-core-file-l1-1-0.dll,GetLogicalDriveStringsW,13eb3fdd1944500338ae1e0245ac54f6,34df073bc39c1578bf3d95a24cf20936b526a0b411fcce3f33827e9e0dc0bcef,c:\Windows\WinSxS\amd64_microsoft-windows-a..atibility-assistant_31bf3856ad364e35_10.0.18362.356_none_8994b77fb4c80277\pcasvc.dll
pcasvc.dll,680976,3,3237123974,2072-07-30T17:06:14.000Z,imports,api-ms-win-core-file-l1-1-0.dll,GetLongPathNameW,13eb3fdd1944500338ae1e0245ac54f6,34df073bc39c1578bf3d95a24cf20936b526a0b411fcce3f33827e9e0dc0bcef,c:\Windows\WinSxS\amd64_microsoft-windows-a..atibility-assistant_31bf3856ad364e35_10.0.18362.356_none_8994b77fb4c80277\pcasvc.dll
pcasvc.dll,680976,3,3237123974,2072-07-30T17:06:14.000Z,imports,api-ms-win-core-file-l1-1-0.dll,GetShortPathNameW,13eb3fdd1944500338ae1e0245ac54f6,34df073bc39c1578bf3d95a24cf20936b526a0b411fcce3f33827e9e0dc0bcef,c:\Windows\WinSxS\amd64_microsoft-windows-a..atibility-assistant_31bf3856ad364e35_10.0.18362.356_none_8994b77fb4c80277\pcasvc.dll
pcasvc.dll,680976,3,3237123974,2072-07-30T17:06:14.000Z,imports,api-ms-win-core-file-l1-1-0.dll,GetTempFileNameW,13eb3fdd1944500338ae1e0245ac54f6,34df073bc39c1578bf3d95a24cf20936b526a0b411fcce3f33827e9e0dc0bcef,c:\Windows\WinSxS\amd64_microsoft-windows-a..atibility-assistant_31bf3856ad364e35_10.0.18362.356_none_8994b77fb4c80277\pcasvc.dll
pcasvc.dll,680976,3,3237123974,2072-07-30T17:06:14.000Z,imports,api-ms-win-core-file-l1-1-0.dll,GetVolumeInformationW,13eb3fdd1944500338ae1e0245ac54f6,34df073bc39c1578bf3d95a24cf20936b526a0b411fcce3f33827e9e0dc0bcef,c:\Windows\WinSxS\amd64_microsoft-windows-a..atibility-assistant_31bf3856ad364e35_10.0.18362.356_none_8994b77fb4c80277\pcasvc.dll
pcasvc.dll,680976,3,3237123974,2072-07-30T17:06:14.000Z,imports,api-ms-win-core-file-l1-1-0.dll,QueryDosDeviceW,13eb3fdd1944500338ae1e0245ac54f6,34df073bc39c1578bf3d95a24cf20936b526a0b411fcce3f33827e9e0dc0bcef,c:\Windows\WinSxS\amd64_microsoft-windows-a..atibility-assistant_31bf3856ad364e35_10.0.18362.356_none_8994b77fb4c80277\pcasvc.dll
pcasvc.dll,680976,3,3237123974,2072-07-30T17:06:14.000Z,imports,api-ms-win-core-file-l1-1-0.dll,ReadFile,13eb3fdd1944500338ae1e0245ac54f6,34df073bc39c1578bf3d95a24cf20936b526a0b411fcce3f33827e9e0dc0bcef,c:\Windows\WinSxS\amd64_microsoft-windows-a..atibility-assistant_31bf3856ad364e35_10.0.18362.356_none_8994b77fb4c80277\pcasvc.dll
pcasvc.dll,680976,3,3237123974,2072-07-30T17:06:14.000Z,imports,api-ms-win-core-file-l1-1-0.dll,SetFilePointer,13eb3fdd1944500338ae1e0245ac54f6,34df073bc39c1578bf3d95a24cf20936b526a0b411fcce3f33827e9e0dc0bcef,c:\Windows\WinSxS\amd64_microsoft-windows-a..atibility-assistant_31bf3856ad364e35_10.0.18362.356_none_8994b77fb4c80277\pcasvc.dll
pcasvc.dll,680976,3,3237123974,2072-07-30T17:06:14.000Z,imports,api-ms-win-core-file-l1-1-0.dll,WriteFile,13eb3fdd1944500338ae1e0245ac54f6,34df073bc39c1578bf3d95a24cf20936b526a0b411fcce3f33827e9e0dc0bcef,c:\Windows\WinSxS\amd64_microsoft-windows-a..atibility-assistant_31bf3856ad364e35_10.0.18362.356_none_8994b77fb4c80277\pcasvc.dll
pcasvc.dll,680976,3,3237123974,2072-07-30T17:06:14.000Z,imports,api-ms-win-core-profile-l1-1-0.dll,QueryPerformanceCounter,13eb3fdd1944500338ae1e0245ac54f6,34df073bc39c1578bf3d95a24cf20936b526a0b411fcce3f33827e9e0dc0bcef,c:\Windows\WinSxS\amd64_microsoft-windows-a..atibility-assistant_31bf3856ad364e35_10.0.18362.356_none_8994b77fb4c80277\pcasvc.dll
pcasvc.dll,680976,3,3237123974,2072-07-30T17:06:14.000Z,imports,api-ms-win-core-kernel32-legacy-l1-1-0.dll,UnregisterWait,13eb3fdd1944500338ae1e0245ac54f6,34df073bc39c1578bf3d95a24cf20936b526a0b411fcce3f33827e9e0dc0bcef,c:\Windows\WinSxS\amd64_microsoft-windows-a..atibility-assistant_31bf3856ad364e35_10.0.18362.356_none_8994b77fb4c80277\pcasvc.dll
pcasvc.dll,680976,3,3237123974,2072-07-30T17:06:14.000Z,imports,api-ms-win-core-kernel32-legacy-l1-1-0.dll,WTSGetActiveConsoleSessionId,13eb3fdd1944500338ae1e0245ac54f6,34df073bc39c1578bf3d95a24cf20936b526a0b411fcce3f33827e9e0dc0bcef,c:\Windows\WinSxS\amd64_microsoft-windows-a..atibility-assistant_31bf3856ad364e35_10.0.18362.356_none_8994b77fb4c80277\pcasvc.dll
pcasvc.dll,680976,3,3237123974,2072-07-30T17:06:14.000Z,imports,api-ms-win-core-heap-l2-1-0.dll,LocalAlloc,13eb3fdd1944500338ae1e0245ac54f6,34df073bc39c1578bf3d95a24cf20936b526a0b411fcce3f33827e9e0dc0bcef,c:\Windows\WinSxS\amd64_microsoft-windows-a..atibility-assistant_31bf3856ad364e35_10.0.18362.356_none_8994b77fb4c80277\pcasvc.dll
pcasvc.dll,680976,3,3237123974,2072-07-30T17:06:14.000Z,imports,api-ms-win-core-heap-l2-1-0.dll,LocalFree,13eb3fdd1944500338ae1e0245ac54f6,34df073bc39c1578bf3d95a24cf20936b526a0b411fcce3f33827e9e0dc0bcef,c:\Windows\WinSxS\amd64_microsoft-windows-a..atibility-assistant_31bf3856ad364e35_10.0.18362.356_none_8994b77fb4c80277\pcasvc.dll
pcasvc.dll,680976,3,3237123974,2072-07-30T17:06:14.000Z,imports,apisampling.dll,APISamplingInitialize,13eb3fdd1944500338ae1e0245ac54f6,34df073bc39c1578bf3d95a24cf20936b526a0b411fcce3f33827e9e0dc0bcef,c:\Windows\WinSxS\amd64_microsoft-windows-a..atibility-assistant_31bf3856ad364e35_10.0.18362.356_none_8994b77fb4c80277\pcasvc.dll
pcasvc.dll,680976,3,3237123974,2072-07-30T17:06:14.000Z,imports,apisampling.dll,APISamplingSetValue,13eb3fdd1944500338ae1e0245ac54f6,34df073bc39c1578bf3d95a24cf20936b526a0b411fcce3f33827e9e0dc0bcef,c:\Windows\WinSxS\amd64_microsoft-windows-a..atibility-assistant_31bf3856ad364e35_10.0.18362.356_none_8994b77fb4c80277\pcasvc.dll
pcasvc.dll,680976,3,3237123974,2072-07-30T17:06:14.000Z,imports,apisampling.dll,APISamplingUninitialize,13eb3fdd1944500338ae1e0245ac54f6,34df073bc39c1578bf3d95a24cf20936b526a0b411fcce3f33827e9e0dc0bcef,c:\Windows\WinSxS\amd64_microsoft-windows-a..atibility-assistant_31bf3856ad364e35_10.0.18362.356_none_8994b77fb4c80277\pcasvc.dll
pcasvc.dll,680976,3,3237123974,2072-07-30T17:06:14.000Z,imports,api-ms-win-core-job-l2-1-0.dll,AssignProcessToJobObject,13eb3fdd1944500338ae1e0245ac54f6,34df073bc39c1578bf3d95a24cf20936b526a0b411fcce3f33827e9e0dc0bcef,c:\Windows\WinSxS\amd64_microsoft-windows-a..atibility-assistant_31bf3856ad364e35_10.0.18362.356_none_8994b77fb4c80277\pcasvc.dll
pcasvc.dll,680976,3,3237123974,2072-07-30T17:06:14.000Z,imports,api-ms-win-core-job-l2-1-0.dll,CreateJobObjectW,13eb3fdd1944500338ae1e0245ac54f6,34df073bc39c1578bf3d95a24cf20936b526a0b411fcce3f33827e9e0dc0bcef,c:\Windows\WinSxS\amd64_microsoft-windows-a..atibility-assistant_31bf3856ad364e35_10.0.18362.356_none_8994b77fb4c80277\pcasvc.dll
pcasvc.dll,680976,3,3237123974,2072-07-30T17:06:14.000Z,imports,api-ms-win-core-job-l2-1-0.dll,QueryInformationJobObject,13eb3fdd1944500338ae1e0245ac54f6,34df073bc39c1578bf3d95a24cf20936b526a0b411fcce3f33827e9e0dc0bcef,c:\Windows\WinSxS\amd64_microsoft-windows-a..atibility-assistant_31bf3856ad364e35_10.0.18362.356_none_8994b77fb4c80277\pcasvc.dll
pcasvc.dll,680976,3,3237123974,2072-07-30T17:06:14.000Z,imports,api-ms-win-core-job-l2-1-0.dll,SetInformationJobObject,13eb3fdd1944500338ae1e0245ac54f6,34df073bc39c1578bf3d95a24cf20936b526a0b411fcce3f33827e9e0dc0bcef,c:\Windows\WinSxS\amd64_microsoft-windows-a..atibility-assistant_31bf3856ad364e35_10.0.18362.356_none_8994b77fb4c80277\pcasvc.dll
pcasvc.dll,680976,3,3237123974,2072-07-30T17:06:14.000Z,imports,api-ms-win-core-kernel32-private-l1-1-0.dll,CheckElevationEnabled,13eb3fdd1944500338ae1e0245ac54f6,34df073bc39c1578bf3d95a24cf20936b526a0b411fcce3f33827e9e0dc0bcef,c:\Windows\WinSxS\amd64_microsoft-windows-a..atibility-assistant_31bf3856ad364e35_10.0.18362.356_none_8994b77fb4c80277\pcasvc.dll
pcasvc.dll,680976,3,3237123974,2072-07-30T17:06:14.000Z,imports,user32.dll,LoadStringW,13eb3fdd1944500338ae1e0245ac54f6,34df073bc39c1578bf3d95a24cf20936b526a0b411fcce3f33827e9e0dc0bcef,c:\Windows\WinSxS\amd64_microsoft-windows-a..atibility-assistant_31bf3856ad364e35_10.0.18362.356_none_8994b77fb4c80277\pcasvc.dll
pcasvc.dll,680976,3,3237123974,2072-07-30T17:06:14.000Z,imports,api-ms-win-core-processthreads-l1-1-1.dll,GetThreadTimes,13eb3fdd1944500338ae1e0245ac54f6,34df073bc39c1578bf3d95a24cf20936b526a0b411fcce3f33827e9e0dc0bcef,c:\Windows\WinSxS\amd64_microsoft-windows-a..atibility-assistant_31bf3856ad364e35_10.0.18362.356_none_8994b77fb4c80277\pcasvc.dll
pcasvc.dll,680976,3,3237123974,2072-07-30T17:06:14.000Z,imports,api-ms-win-core-processthreads-l1-1-1.dll,IsProcessorFeaturePresent,13eb3fdd1944500338ae1e0245ac54f6,34df073bc39c1578bf3d95a24cf20936b526a0b411fcce3f33827e9e0dc0bcef,c:\Windows\WinSxS\amd64_microsoft-windows-a..atibility-assistant_31bf3856ad364e35_10.0.18362.356_none_8994b77fb4c80277\pcasvc.dll
pcasvc.dll,680976,3,3237123974,2072-07-30T17:06:14.000Z,imports,api-ms-win-core-processthreads-l1-1-1.dll,OpenProcess,13eb3fdd1944500338ae1e0245ac54f6,34df073bc39c1578bf3d95a24cf20936b526a0b411fcce3f33827e9e0dc0bcef,c:\Windows\WinSxS\amd64_microsoft-windows-a..atibility-assistant_31bf3856ad364e35_10.0.18362.356_none_8994b77fb4c80277\pcasvc.dll
pcasvc.dll,680976,3,3237123974,2072-07-30T17:06:14.000Z,imports,api-ms-win-core-memory-l1-1-0.dll,CreateFileMappingW,13eb3fdd1944500338ae1e0245ac54f6,34df073bc39c1578bf3d95a24cf20936b526a0b411fcce3f33827e9e0dc0bcef,c:\Windows\WinSxS\amd64_microsoft-windows-a..atibility-assistant_31bf3856ad364e35_10.0.18362.356_none_8994b77fb4c80277\pcasvc.dll
pcasvc.dll,680976,3,3237123974,2072-07-30T17:06:14.000Z,imports,api-ms-win-core-memory-l1-1-0.dll,MapViewOfFile,13eb3fdd1944500338ae1e0245ac54f6,34df073bc39c1578bf3d95a24cf20936b526a0b411fcce3f33827e9e0dc0bcef,c:\Windows\WinSxS\amd64_microsoft-windows-a..atibility-assistant_31bf3856ad364e35_10.0.18362.356_none_8994b77fb4c80277\pcasvc.dll
pcasvc.dll,680976,3,3237123974,2072-07-30T17:06:14.000Z,imports,api-ms-win-core-memory-l1-1-0.dll,UnmapViewOfFile,13eb3fdd1944500338ae1e0245ac54f6,34df073bc39c1578bf3d95a24cf20936b526a0b411fcce3f33827e9e0dc0bcef,c:\Windows\WinSxS\amd64_microsoft-windows-a..atibility-assistant_31bf3856ad364e35_10.0.18362.356_none_8994b77fb4c80277\pcasvc.dll
pcasvc.dll,680976,3,3237123974,2072-07-30T17:06:14.000Z,imports,api-ms-win-core-memory-l1-1-0.dll,WriteProcessMemory,13eb3fdd1944500338ae1e0245ac54f6,34df073bc39c1578bf3d95a24cf20936b526a0b411fcce3f33827e9e0dc0bcef,c:\Windows\WinSxS\amd64_microsoft-windows-a..atibility-assistant_31bf3856ad364e35_10.0.18362.356_none_8994b77fb4c80277\pcasvc.dll
pcasvc.dll,680976,3,3237123974,2072-07-30T17:06:14.000Z,imports,api-ms-win-core-com-l1-1-0.dll,CoCancelCall,13eb3fdd1944500338ae1e0245ac54f6,34df073bc39c1578bf3d95a24cf20936b526a0b411fcce3f33827e9e0dc0bcef,c:\Windows\WinSxS\amd64_microsoft-windows-a..atibility-assistant_31bf3856ad364e35_10.0.18362.356_none_8994b77fb4c80277\pcasvc.dll
pcasvc.dll,680976,3,3237123974,2072-07-30T17:06:14.000Z,imports,api-ms-win-core-com-l1-1-0.dll,CoCreateGuid,13eb3fdd1944500338ae1e0245ac54f6,34df073bc39c1578bf3d95a24cf20936b526a0b411fcce3f33827e9e0dc0bcef,c:\Windows\WinSxS\amd64_microsoft-windows-a..atibility-assistant_31bf3856ad364e35_10.0.18362.356_none_8994b77fb4c80277\pcasvc.dll
pcasvc.dll,680976,3,3237123974,2072-07-30T17:06:14.000Z,imports,api-ms-win-core-com-l1-1-0.dll,CoCreateInstance,13eb3fdd1944500338ae1e0245ac54f6,34df073bc39c1578bf3d95a24cf20936b526a0b411fcce3f33827e9e0dc0bcef,c:\Windows\WinSxS\amd64_microsoft-windows-a..atibility-assistant_31bf3856ad364e35_10.0.18362.356_none_8994b77fb4c80277\pcasvc.dll
pcasvc.dll,680976,3,3237123974,2072-07-30T17:06:14.000Z,imports,api-ms-win-core-com-l1-1-0.dll,CoDisableCallCancellation,13eb3fdd1944500338ae1e0245ac54f6,34df073bc39c1578bf3d95a24cf20936b526a0b411fcce3f33827e9e0dc0bcef,c:\Windows\WinSxS\amd64_microsoft-windows-a..atibility-assistant_31bf3856ad364e35_10.0.18362.356_none_8994b77fb4c80277\pcasvc.dll
pcasvc.dll,680976,3,3237123974,2072-07-30T17:06:14.000Z,imports,api-ms-win-core-com-l1-1-0.dll,CoEnableCallCancellation,13eb3fdd1944500338ae1e0245ac54f6,34df073bc39c1578bf3d95a24cf20936b526a0b411fcce3f33827e9e0dc0bcef,c:\Windows\WinSxS\amd64_microsoft-windows-a..atibility-assistant_31bf3856ad364e35_10.0.18362.356_none_8994b77fb4c80277\pcasvc.dll
pcasvc.dll,680976,3,3237123974,2072-07-30T17:06:14.000Z,imports,api-ms-win-core-com-l1-1-0.dll,CoGetClassObject,13eb3fdd1944500338ae1e0245ac54f6,34df073bc39c1578bf3d95a24cf20936b526a0b411fcce3f33827e9e0dc0bcef,c:\Windows\WinSxS\amd64_microsoft-windows-a..atibility-assistant_31bf3856ad364e35_10.0.18362.356_none_8994b77fb4c80277\pcasvc.dll
pcasvc.dll,680976,3,3237123974,2072-07-30T17:06:14.000Z,imports,api-ms-win-core-com-l1-1-0.dll,CoGetInterfaceAndReleaseStream,13eb3fdd1944500338ae1e0245ac54f6,34df073bc39c1578bf3d95a24cf20936b526a0b411fcce3f33827e9e0dc0bcef,c:\Windows\WinSxS\amd64_microsoft-windows-a..atibility-assistant_31bf3856ad364e35_10.0.18362.356_none_8994b77fb4c80277\pcasvc.dll
pcasvc.dll,680976,3,3237123974,2072-07-30T17:06:14.000Z,imports,api-ms-win-core-com-l1-1-0.dll,CoInitializeEx,13eb3fdd1944500338ae1e0245ac54f6,34df073bc39c1578bf3d95a24cf20936b526a0b411fcce3f33827e9e0dc0bcef,c:\Windows\WinSxS\amd64_microsoft-windows-a..atibility-assistant_31bf3856ad364e35_10.0.18362.356_none_8994b77fb4c80277\pcasvc.dll
pcasvc.dll,680976,3,3237123974,2072-07-30T17:06:14.000Z,imports,api-ms-win-core-com-l1-1-0.dll,CoMarshalInterThreadInterfaceInStream,13eb3fdd1944500338ae1e0245ac54f6,34df073bc39c1578bf3d95a24cf20936b526a0b411fcce3f33827e9e0dc0bcef,c:\Windows\WinSxS\amd64_microsoft-windows-a..atibility-assistant_31bf3856ad364e35_10.0.18362.356_none_8994b77fb4c80277\pcasvc.dll
pcasvc.dll,680976,3,3237123974,2072-07-30T17:06:14.000Z,imports,api-ms-win-core-com-l1-1-0.dll,CoReleaseMarshalData,13eb3fdd1944500338ae1e0245ac54f6,34df073bc39c1578bf3d95a24cf20936b526a0b411fcce3f33827e9e0dc0bcef,c:\Windows\WinSxS\amd64_microsoft-windows-a..atibility-assistant_31bf3856ad364e35_10.0.18362.356_none_8994b77fb4c80277\pcasvc.dll
pcasvc.dll,680976,3,3237123974,2072-07-30T17:06:14.000Z,imports,api-ms-win-core-com-l1-1-0.dll,CoTaskMemFree,13eb3fdd1944500338ae1e0245ac54f6,34df073bc39c1578bf3d95a24cf20936b526a0b411fcce3f33827e9e0dc0bcef,c:\Windows\WinSxS\amd64_microsoft-windows-a..atibility-assistant_31bf3856ad364e35_10.0.18362.356_none_8994b77fb4c80277\pcasvc.dll
pcasvc.dll,680976,3,3237123974,2072-07-30T17:06:14.000Z,imports,api-ms-win-core-com-l1-1-0.dll,CoUninitialize,13eb3fdd1944500338ae1e0245ac54f6,34df073bc39c1578bf3d95a24cf20936b526a0b411fcce3f33827e9e0dc0bcef,c:\Windows\WinSxS\amd64_microsoft-windows-a..atibility-assistant_31bf3856ad364e35_10.0.18362.356_none_8994b77fb4c80277\pcasvc.dll
pcasvc.dll,680976,3,3237123974,2072-07-30T17:06:14.000Z,imports,api-ms-win-core-com-l1-1-0.dll,CoWaitForMultipleHandles,13eb3fdd1944500338ae1e0245ac54f6,34df073bc39c1578bf3d95a24cf20936b526a0b411fcce3f33827e9e0dc0bcef,c:\Windows\WinSxS\amd64_microsoft-windows-a..atibility-assistant_31bf3856ad364e35_10.0.18362.356_none_8994b77fb4c80277\pcasvc.dll
pcasvc.dll,680976,3,3237123974,2072-07-30T17:06:14.000Z,imports,api-ms-win-core-com-l1-1-0.dll,StringFromGUID2,13eb3fdd1944500338ae1e0245ac54f6,34df073bc39c1578bf3d95a24cf20936b526a0b411fcce3f33827e9e0dc0bcef,c:\Windows\WinSxS\amd64_microsoft-windows-a..atibility-assistant_31bf3856ad364e35_10.0.18362.356_none_8994b77fb4c80277\pcasvc.dll
pcasvc.dll,680976,3,3237123974,2072-07-30T17:06:14.000Z,imports,api-ms-win-security-base-l1-1-0.dll,AddAccessAllowedAce,13eb3fdd1944500338ae1e0245ac54f6,34df073bc39c1578bf3d95a24cf20936b526a0b411fcce3f33827e9e0dc0bcef,c:\Windows\WinSxS\amd64_microsoft-windows-a..atibility-assistant_31bf3856ad364e35_10.0.18362.356_none_8994b77fb4c80277\pcasvc.dll
pcasvc.dll,680976,3,3237123974,2072-07-30T17:06:14.000Z,imports,api-ms-win-security-base-l1-1-0.dll,AllocateAndInitializeSid,13eb3fdd1944500338ae1e0245ac54f6,34df073bc39c1578bf3d95a24cf20936b526a0b411fcce3f33827e9e0dc0bcef,c:\Windows\WinSxS\amd64_microsoft-windows-a..atibility-assistant_31bf3856ad364e35_10.0.18362.356_none_8994b77fb4c80277\pcasvc.dll
pcasvc.dll,680976,3,3237123974,2072-07-30T17:06:14.000Z,imports,api-ms-win-security-base-l1-1-0.dll,FreeSid,13eb3fdd1944500338ae1e0245ac54f6,34df073bc39c1578bf3d95a24cf20936b526a0b411fcce3f33827e9e0dc0bcef,c:\Windows\WinSxS\amd64_microsoft-windows-a..atibility-assistant_31bf3856ad364e35_10.0.18362.356_none_8994b77fb4c80277\pcasvc.dll
pcasvc.dll,680976,3,3237123974,2072-07-30T17:06:14.000Z,imports,api-ms-win-security-base-l1-1-0.dll,GetLengthSid,13eb3fdd1944500338ae1e0245ac54f6,34df073bc39c1578bf3d95a24cf20936b526a0b411fcce3f33827e9e0dc0bcef,c:\Windows\WinSxS\amd64_microsoft-windows-a..atibility-assistant_31bf3856ad364e35_10.0.18362.356_none_8994b77fb4c80277\pcasvc.dll
pcasvc.dll,680976,3,3237123974,2072-07-30T17:06:14.000Z,imports,api-ms-win-security-base-l1-1-0.dll,GetTokenInformation,13eb3fdd1944500338ae1e0245ac54f6,34df073bc39c1578bf3d95a24cf20936b526a0b411fcce3f33827e9e0dc0bcef,c:\Windows\WinSxS\amd64_microsoft-windows-a..atibility-assistant_31bf3856ad364e35_10.0.18362.356_none_8994b77fb4c80277\pcasvc.dll
pcasvc.dll,680976,3,3237123974,2072-07-30T17:06:14.000Z,imports,api-ms-win-security-base-l1-1-0.dll,ImpersonateLoggedOnUser,13eb3fdd1944500338ae1e0245ac54f6,34df073bc39c1578bf3d95a24cf20936b526a0b411fcce3f33827e9e0dc0bcef,c:\Windows\WinSxS\amd64_microsoft-windows-a..atibility-assistant_31bf3856ad364e35_10.0.18362.356_none_8994b77fb4c80277\pcasvc.dll
pcasvc.dll,680976,3,3237123974,2072-07-30T17:06:14.000Z,imports,api-ms-win-security-base-l1-1-0.dll,InitializeAcl,13eb3fdd1944500338ae1e0245ac54f6,34df073bc39c1578bf3d95a24cf20936b526a0b411fcce3f33827e9e0dc0bcef,c:\Windows\WinSxS\amd64_microsoft-windows-a..atibility-assistant_31bf3856ad364e35_10.0.18362.356_none_8994b77fb4c80277\pcasvc.dll
pcasvc.dll,680976,3,3237123974,2072-07-30T17:06:14.000Z,imports,api-ms-win-security-base-l1-1-0.dll,InitializeSecurityDescriptor,13eb3fdd1944500338ae1e0245ac54f6,34df073bc39c1578bf3d95a24cf20936b526a0b411fcce3f33827e9e0dc0bcef,c:\Windows\WinSxS\amd64_microsoft-windows-a..atibility-assistant_31bf3856ad364e35_10.0.18362.356_none_8994b77fb4c80277\pcasvc.dll
pcasvc.dll,680976,3,3237123974,2072-07-30T17:06:14.000Z,imports,api-ms-win-security-base-l1-1-0.dll,RevertToSelf,13eb3fdd1944500338ae1e0245ac54f6,34df073bc39c1578bf3d95a24cf20936b526a0b411fcce3f33827e9e0dc0bcef,c:\Windows\WinSxS\amd64_microsoft-windows-a..atibility-assistant_31bf3856ad364e35_10.0.18362.356_none_8994b77fb4c80277\pcasvc.dll
pcasvc.dll,680976,3,3237123974,2072-07-30T17:06:14.000Z,imports,api-ms-win-security-base-l1-1-0.dll,SetSecurityDescriptorDacl,13eb3fdd1944500338ae1e0245ac54f6,34df073bc39c1578bf3d95a24cf20936b526a0b411fcce3f33827e9e0dc0bcef,c:\Windows\WinSxS\amd64_microsoft-windows-a..atibility-assistant_31bf3856ad364e35_10.0.18362.356_none_8994b77fb4c80277\pcasvc.dll
pcasvc.dll,680976,3,3237123974,2072-07-30T17:06:14.000Z,imports,api-ms-win-security-base-l1-1-0.dll,SetSecurityDescriptorGroup,13eb3fdd1944500338ae1e0245ac54f6,34df073bc39c1578bf3d95a24cf20936b526a0b411fcce3f33827e9e0dc0bcef,c:\Windows\WinSxS\amd64_microsoft-windows-a..atibility-assistant_31bf3856ad364e35_10.0.18362.356_none_8994b77fb4c80277\pcasvc.dll
pcasvc.dll,680976,3,3237123974,2072-07-30T17:06:14.000Z,imports,api-ms-win-security-base-l1-1-0.dll,SetSecurityDescriptorOwner,13eb3fdd1944500338ae1e0245ac54f6,34df073bc39c1578bf3d95a24cf20936b526a0b411fcce3f33827e9e0dc0bcef,c:\Windows\WinSxS\amd64_microsoft-windows-a..atibility-assistant_31bf3856ad364e35_10.0.18362.356_none_8994b77fb4c80277\pcasvc.dll
pcasvc.dll,680976,3,3237123974,2072-07-30T17:06:14.000Z,imports,api-ms-win-security-sddl-l1-1-0.dll,ConvertSidToStringSidW,13eb3fdd1944500338ae1e0245ac54f6,34df073bc39c1578bf3d95a24cf20936b526a0b411fcce3f33827e9e0dc0bcef,c:\Windows\WinSxS\amd64_microsoft-windows-a..atibility-assistant_31bf3856ad364e35_10.0.18362.356_none_8994b77fb4c80277\pcasvc.dll
pcasvc.dll,680976,3,3237123974,2072-07-30T17:06:14.000Z,imports,api-ms-win-core-path-l1-1-0.dll,PathCchRemoveFileSpec,13eb3fdd1944500338ae1e0245ac54f6,34df073bc39c1578bf3d95a24cf20936b526a0b411fcce3f33827e9e0dc0bcef,c:\Windows\WinSxS\amd64_microsoft-windows-a..atibility-assistant_31bf3856ad364e35_10.0.18362.356_none_8994b77fb4c80277\pcasvc.dll
pcasvc.dll,680976,3,3237123974,2072-07-30T17:06:14.000Z,imports,api-ms-win-core-path-l1-1-0.dll,PathIsUNCEx,13eb3fdd1944500338ae1e0245ac54f6,34df073bc39c1578bf3d95a24cf20936b526a0b411fcce3f33827e9e0dc0bcef,c:\Windows\WinSxS\amd64_microsoft-windows-a..atibility-assistant_31bf3856ad364e35_10.0.18362.356_none_8994b77fb4c80277\pcasvc.dll
pcasvc.dll,680976,3,3237123974,2072-07-30T17:06:14.000Z,imports,api-ms-win-core-psapi-l1-1-0.dll,K32GetModuleFileNameExW,13eb3fdd1944500338ae1e0245ac54f6,34df073bc39c1578bf3d95a24cf20936b526a0b411fcce3f33827e9e0dc0bcef,c:\Windows\WinSxS\amd64_microsoft-windows-a..atibility-assistant_31bf3856ad364e35_10.0.18362.356_none_8994b77fb4c80277\pcasvc.dll
pcasvc.dll,680976,3,3237123974,2072-07-30T17:06:14.000Z,imports,api-ms-win-core-psapi-l1-1-0.dll,QueryFullProcessImageNameW,13eb3fdd1944500338ae1e0245ac54f6,34df073bc39c1578bf3d95a24cf20936b526a0b411fcce3f33827e9e0dc0bcef,c:\Windows\WinSxS\amd64_microsoft-windows-a..atibility-assistant_31bf3856ad364e35_10.0.18362.356_none_8994b77fb4c80277\pcasvc.dll
pcasvc.dll,680976,3,3237123974,2072-07-30T17:06:14.000Z,imports,api-ms-win-core-processenvironment-l1-1-0.dll,ExpandEnvironmentStringsW,13eb3fdd1944500338ae1e0245ac54f6,34df073bc39c1578bf3d95a24cf20936b526a0b411fcce3f33827e9e0dc0bcef,c:\Windows\WinSxS\amd64_microsoft-windows-a..atibility-assistant_31bf3856ad364e35_10.0.18362.356_none_8994b77fb4c80277\pcasvc.dll
pcasvc.dll,680976,3,3237123974,2072-07-30T17:06:14.000Z,imports,api-ms-win-core-io-l1-1-0.dll,CreateIoCompletionPort,13eb3fdd1944500338ae1e0245ac54f6,34df073bc39c1578bf3d95a24cf20936b526a0b411fcce3f33827e9e0dc0bcef,c:\Windows\WinSxS\amd64_microsoft-windows-a..atibility-assistant_31bf3856ad364e35_10.0.18362.356_none_8994b77fb4c80277\pcasvc.dll
pcasvc.dll,680976,3,3237123974,2072-07-30T17:06:14.000Z,imports,api-ms-win-core-io-l1-1-0.dll,DeviceIoControl,13eb3fdd1944500338ae1e0245ac54f6,34df073bc39c1578bf3d95a24cf20936b526a0b411fcce3f33827e9e0dc0bcef,c:\Windows\WinSxS\amd64_microsoft-windows-a..atibility-assistant_31bf3856ad364e35_10.0.18362.356_none_8994b77fb4c80277\pcasvc.dll
pcasvc.dll,680976,3,3237123974,2072-07-30T17:06:14.000Z,imports,api-ms-win-core-io-l1-1-0.dll,GetQueuedCompletionStatus,13eb3fdd1944500338ae1e0245ac54f6,34df073bc39c1578bf3d95a24cf20936b526a0b411fcce3f33827e9e0dc0bcef,c:\Windows\WinSxS\amd64_microsoft-windows-a..atibility-assistant_31bf3856ad364e35_10.0.18362.356_none_8994b77fb4c80277\pcasvc.dll
pcasvc.dll,680976,3,3237123974,2072-07-30T17:06:14.000Z,imports,api-ms-win-core-io-l1-1-0.dll,PostQueuedCompletionStatus,13eb3fdd1944500338ae1e0245ac54f6,34df073bc39c1578bf3d95a24cf20936b526a0b411fcce3f33827e9e0dc0bcef,c:\Windows\WinSxS\amd64_microsoft-windows-a..atibility-assistant_31bf3856ad364e35_10.0.18362.356_none_8994b77fb4c80277\pcasvc.dll
pcasvc.dll,680976,3,3237123974,2072-07-30T17:06:14.000Z,imports,api-ms-win-core-job-l1-1-0.dll,IsProcessInJob,13eb3fdd1944500338ae1e0245ac54f6,34df073bc39c1578bf3d95a24cf20936b526a0b411fcce3f33827e9e0dc0bcef,c:\Windows\WinSxS\amd64_microsoft-windows-a..atibility-assistant_31bf3856ad364e35_10.0.18362.356_none_8994b77fb4c80277\pcasvc.dll
pcasvc.dll,680976,3,3237123974,2072-07-30T17:06:14.000Z,imports,api-ms-win-core-registry-l1-1-1.dll,RegDeleteKeyValueW,13eb3fdd1944500338ae1e0245ac54f6,34df073bc39c1578bf3d95a24cf20936b526a0b411fcce3f33827e9e0dc0bcef,c:\Windows\WinSxS\amd64_microsoft-windows-a..atibility-assistant_31bf3856ad364e35_10.0.18362.356_none_8994b77fb4c80277\pcasvc.dll
pcasvc.dll,680976,3,3237123974,2072-07-30T17:06:14.000Z,imports,api-ms-win-core-registry-l1-1-1.dll,RegSetKeyValueW,13eb3fdd1944500338ae1e0245ac54f6,34df073bc39c1578bf3d95a24cf20936b526a0b411fcce3f33827e9e0dc0bcef,c:\Windows\WinSxS\amd64_microsoft-windows-a..atibility-assistant_31bf3856ad364e35_10.0.18362.356_none_8994b77fb4c80277\pcasvc.dll
pcasvc.dll,680976,3,3237123974,2072-07-30T17:06:14.000Z,imports,api-ms-win-core-realtime-l1-1-0.dll,QueryUnbiasedInterruptTime,13eb3fdd1944500338ae1e0245ac54f6,34df073bc39c1578bf3d95a24cf20936b526a0b411fcce3f33827e9e0dc0bcef,c:\Windows\WinSxS\amd64_microsoft-windows-a..atibility-assistant_31bf3856ad364e35_10.0.18362.356_none_8994b77fb4c80277\pcasvc.dll
pcasvc.dll,680976,3,3237123974,2072-07-30T17:06:14.000Z,imports,api-ms-win-core-string-l1-1-0.dll,CompareStringOrdinal,13eb3fdd1944500338ae1e0245ac54f6,34df073bc39c1578bf3d95a24cf20936b526a0b411fcce3f33827e9e0dc0bcef,c:\Windows\WinSxS\amd64_microsoft-windows-a..atibility-assistant_31bf3856ad364e35_10.0.18362.356_none_8994b77fb4c80277\pcasvc.dll
pcasvc.dll,680976,3,3237123974,2072-07-30T17:06:14.000Z,imports,api-ms-win-core-string-l1-1-0.dll,MultiByteToWideChar,13eb3fdd1944500338ae1e0245ac54f6,34df073bc39c1578bf3d95a24cf20936b526a0b411fcce3f33827e9e0dc0bcef,c:\Windows\WinSxS\amd64_microsoft-windows-a..atibility-assistant_31bf3856ad364e35_10.0.18362.356_none_8994b77fb4c80277\pcasvc.dll
pcasvc.dll,680976,3,3237123974,2072-07-30T17:06:14.000Z,imports,api-ms-win-core-file-l1-2-0.dll,GetTempPathW,13eb3fdd1944500338ae1e0245ac54f6,34df073bc39c1578bf3d95a24cf20936b526a0b411fcce3f33827e9e0dc0bcef,c:\Windows\WinSxS\amd64_microsoft-windows-a..atibility-assistant_31bf3856ad364e35_10.0.18362.356_none_8994b77fb4c80277\pcasvc.dll
pcasvc.dll,680976,3,3237123974,2072-07-30T17:06:14.000Z,imports,api-ms-win-core-file-l1-2-0.dll,GetVolumeNameForVolumeMountPointW,13eb3fdd1944500338ae1e0245ac54f6,34df073bc39c1578bf3d95a24cf20936b526a0b411fcce3f33827e9e0dc0bcef,c:\Windows\WinSxS\amd64_microsoft-windows-a..atibility-assistant_31bf3856ad364e35_10.0.18362.356_none_8994b77fb4c80277\pcasvc.dll
pcasvc.dll,680976,3,3237123974,2072-07-30T17:06:14.000Z,imports,api-ms-win-core-file-l2-1-2.dll,CopyFileW,13eb3fdd1944500338ae1e0245ac54f6,34df073bc39c1578bf3d95a24cf20936b526a0b411fcce3f33827e9e0dc0bcef,c:\Windows\WinSxS\amd64_microsoft-windows-a..atibility-assistant_31bf3856ad364e35_10.0.18362.356_none_8994b77fb4c80277\pcasvc.dll
pcasvc.dll,680976,3,3237123974,2072-07-30T17:06:14.000Z,imports,api-ms-win-devices-config-l1-1-1.dll,CM_Get_Device_IDW,13eb3fdd1944500338ae1e0245ac54f6,34df073bc39c1578bf3d95a24cf20936b526a0b411fcce3f33827e9e0dc0bcef,c:\Windows\WinSxS\amd64_microsoft-windows-a..atibility-assistant_31bf3856ad364e35_10.0.18362.356_none_8994b77fb4c80277\pcasvc.dll
pcasvc.dll,680976,3,3237123974,2072-07-30T17:06:14.000Z,imports,api-ms-win-devices-config-l1-1-1.dll,CM_Get_Parent,13eb3fdd1944500338ae1e0245ac54f6,34df073bc39c1578bf3d95a24cf20936b526a0b411fcce3f33827e9e0dc0bcef,c:\Windows\WinSxS\amd64_microsoft-windows-a..atibility-assistant_31bf3856ad364e35_10.0.18362.356_none_8994b77fb4c80277\pcasvc.dll
pcasvc.dll,680976,3,3237123974,2072-07-30T17:06:14.000Z,imports,api-ms-win-devices-config-l1-1-1.dll,CM_Register_Notification,13eb3fdd1944500338ae1e0245ac54f6,34df073bc39c1578bf3d95a24cf20936b526a0b411fcce3f33827e9e0dc0bcef,c:\Windows\WinSxS\amd64_microsoft-windows-a..atibility-assistant_31bf3856ad364e35_10.0.18362.356_none_8994b77fb4c80277\pcasvc.dll
pcasvc.dll,680976,3,3237123974,2072-07-30T17:06:14.000Z,imports,api-ms-win-devices-config-l1-1-1.dll,CM_Unregister_Notification,13eb3fdd1944500338ae1e0245ac54f6,34df073bc39c1578bf3d95a24cf20936b526a0b411fcce3f33827e9e0dc0bcef,c:\Windows\WinSxS\amd64_microsoft-windows-a..atibility-assistant_31bf3856ad364e35_10.0.18362.356_none_8994b77fb4c80277\pcasvc.dll
pcasvc.dll,680976,3,3237123974,2072-07-30T17:06:14.000Z,imports,api-ms-win-core-synch-l1-2-1.dll,CreateSemaphoreW,13eb3fdd1944500338ae1e0245ac54f6,34df073bc39c1578bf3d95a24cf20936b526a0b411fcce3f33827e9e0dc0bcef,c:\Windows\WinSxS\amd64_microsoft-windows-a..atibility-assistant_31bf3856ad364e35_10.0.18362.356_none_8994b77fb4c80277\pcasvc.dll
pcasvc.dll,680976,3,3237123974,2072-07-30T17:06:14.000Z,imports,api-ms-win-core-synch-l1-2-1.dll,CreateWaitableTimerW,13eb3fdd1944500338ae1e0245ac54f6,34df073bc39c1578bf3d95a24cf20936b526a0b411fcce3f33827e9e0dc0bcef,c:\Windows\WinSxS\amd64_microsoft-windows-a..atibility-assistant_31bf3856ad364e35_10.0.18362.356_none_8994b77fb4c80277\pcasvc.dll
pcasvc.dll,680976,3,3237123974,2072-07-30T17:06:14.000Z,imports,api-ms-win-core-synch-l1-2-1.dll,WaitForMultipleObjects,13eb3fdd1944500338ae1e0245ac54f6,34df073bc39c1578bf3d95a24cf20936b526a0b411fcce3f33827e9e0dc0bcef,c:\Windows\WinSxS\amd64_microsoft-windows-a..atibility-assistant_31bf3856ad364e35_10.0.18362.356_none_8994b77fb4c80277\pcasvc.dll
pcasvc.dll,680976,3,3237123974,2072-07-30T17:06:14.000Z,imports,api-ms-win-core-libraryloader-l1-2-1.dll,FindResourceW,13eb3fdd1944500338ae1e0245ac54f6,34df073bc39c1578bf3d95a24cf20936b526a0b411fcce3f33827e9e0dc0bcef,c:\Windows\WinSxS\amd64_microsoft-windows-a..atibility-assistant_31bf3856ad364e35_10.0.18362.356_none_8994b77fb4c80277\pcasvc.dll
pcasvc.dll,680976,3,3237123974,2072-07-30T17:06:14.000Z,imports,api-ms-win-core-sysinfo-l1-2-0.dll,GetNativeSystemInfo,13eb3fdd1944500338ae1e0245ac54f6,34df073bc39c1578bf3d95a24cf20936b526a0b411fcce3f33827e9e0dc0bcef,c:\Windows\WinSxS\amd64_microsoft-windows-a..atibility-assistant_31bf3856ad364e35_10.0.18362.356_none_8994b77fb4c80277\pcasvc.dll
pcasvc.dll,680976,3,3237123974,2072-07-30T17:06:14.000Z,imports,api-ms-win-core-sysinfo-l1-2-0.dll,GetSystemFirmwareTable,13eb3fdd1944500338ae1e0245ac54f6,34df073bc39c1578bf3d95a24cf20936b526a0b411fcce3f33827e9e0dc0bcef,c:\Windows\WinSxS\amd64_microsoft-windows-a..atibility-assistant_31bf3856ad364e35_10.0.18362.356_none_8994b77fb4c80277\pcasvc.dll
pcasvc.dll,680976,3,3237123974,2072-07-30T17:06:14.000Z,imports,api-ms-win-eventing-controller-l1-1-0.dll,ControlTraceW,13eb3fdd1944500338ae1e0245ac54f6,34df073bc39c1578bf3d95a24cf20936b526a0b411fcce3f33827e9e0dc0bcef,c:\Windows\WinSxS\amd64_microsoft-windows-a..atibility-assistant_31bf3856ad364e35_10.0.18362.356_none_8994b77fb4c80277\pcasvc.dll
pcasvc.dll,680976,3,3237123974,2072-07-30T17:06:14.000Z,imports,api-ms-win-eventing-controller-l1-1-0.dll,EnableTraceEx2,13eb3fdd1944500338ae1e0245ac54f6,34df073bc39c1578bf3d95a24cf20936b526a0b411fcce3f33827e9e0dc0bcef,c:\Windows\WinSxS\amd64_microsoft-windows-a..atibility-assistant_31bf3856ad364e35_10.0.18362.356_none_8994b77fb4c80277\pcasvc.dll
pcasvc.dll,680976,3,3237123974,2072-07-30T17:06:14.000Z,imports,api-ms-win-eventing-controller-l1-1-0.dll,StartTraceW,13eb3fdd1944500338ae1e0245ac54f6,34df073bc39c1578bf3d95a24cf20936b526a0b411fcce3f33827e9e0dc0bcef,c:\Windows\WinSxS\amd64_microsoft-windows-a..atibility-assistant_31bf3856ad364e35_10.0.18362.356_none_8994b77fb4c80277\pcasvc.dll
pcasvc.dll,680976,3,3237123974,2072-07-30T17:06:14.000Z,imports,api-ms-win-eventing-consumer-l1-1-0.dll,CloseTrace,13eb3fdd1944500338ae1e0245ac54f6,34df073bc39c1578bf3d95a24cf20936b526a0b411fcce3f33827e9e0dc0bcef,c:\Windows\WinSxS\amd64_microsoft-windows-a..atibility-assistant_31bf3856ad364e35_10.0.18362.356_none_8994b77fb4c80277\pcasvc.dll
pcasvc.dll,680976,3,3237123974,2072-07-30T17:06:14.000Z,imports,api-ms-win-eventing-consumer-l1-1-0.dll,OpenTraceW,13eb3fdd1944500338ae1e0245ac54f6,34df073bc39c1578bf3d95a24cf20936b526a0b411fcce3f33827e9e0dc0bcef,c:\Windows\WinSxS\amd64_microsoft-windows-a..atibility-assistant_31bf3856ad364e35_10.0.18362.356_none_8994b77fb4c80277\pcasvc.dll
pcasvc.dll,680976,3,3237123974,2072-07-30T17:06:14.000Z,imports,api-ms-win-eventing-consumer-l1-1-0.dll,ProcessTrace,13eb3fdd1944500338ae1e0245ac54f6,34df073bc39c1578bf3d95a24cf20936b526a0b411fcce3f33827e9e0dc0bcef,c:\Windows\WinSxS\amd64_microsoft-windows-a..atibility-assistant_31bf3856ad364e35_10.0.18362.356_none_8994b77fb4c80277\pcasvc.dll
pcasvc.dll,680976,3,3237123974,2072-07-30T17:06:14.000Z,imports,api-ms-win-core-winrt-l1-1-0.dll,RoActivateInstance,13eb3fdd1944500338ae1e0245ac54f6,34df073bc39c1578bf3d95a24cf20936b526a0b411fcce3f33827e9e0dc0bcef,c:\Windows\WinSxS\amd64_microsoft-windows-a..atibility-assistant_31bf3856ad364e35_10.0.18362.356_none_8994b77fb4c80277\pcasvc.dll
pcasvc.dll,680976,3,3237123974,2072-07-30T17:06:14.000Z,imports,api-ms-win-core-winrt-l1-1-0.dll,RoGetActivationFactory,13eb3fdd1944500338ae1e0245ac54f6,34df073bc39c1578bf3d95a24cf20936b526a0b411fcce3f33827e9e0dc0bcef,c:\Windows\WinSxS\amd64_microsoft-windows-a..atibility-assistant_31bf3856ad364e35_10.0.18362.356_none_8994b77fb4c80277\pcasvc.dll
pcasvc.dll,680976,3,3237123974,2072-07-30T17:06:14.000Z,imports,api-ms-win-core-winrt-l1-1-0.dll,RoInitialize,13eb3fdd1944500338ae1e0245ac54f6,34df073bc39c1578bf3d95a24cf20936b526a0b411fcce3f33827e9e0dc0bcef,c:\Windows\WinSxS\amd64_microsoft-windows-a..atibility-assistant_31bf3856ad364e35_10.0.18362.356_none_8994b77fb4c80277\pcasvc.dll
pcasvc.dll,680976,3,3237123974,2072-07-30T17:06:14.000Z,imports,api-ms-win-core-winrt-l1-1-0.dll,RoUninitialize,13eb3fdd1944500338ae1e0245ac54f6,34df073bc39c1578bf3d95a24cf20936b526a0b411fcce3f33827e9e0dc0bcef,c:\Windows\WinSxS\amd64_microsoft-windows-a..atibility-assistant_31bf3856ad364e35_10.0.18362.356_none_8994b77fb4c80277\pcasvc.dll
pcasvc.dll,680976,3,3237123974,2072-07-30T17:06:14.000Z,imports,api-ms-win-core-delayload-l1-1-1.dll,ResolveDelayLoadedAPI,13eb3fdd1944500338ae1e0245ac54f6,34df073bc39c1578bf3d95a24cf20936b526a0b411fcce3f33827e9e0dc0bcef,c:\Windows\WinSxS\amd64_microsoft-windows-a..atibility-assistant_31bf3856ad364e35_10.0.18362.356_none_8994b77fb4c80277\pcasvc.dll
pcasvc.dll,680976,3,3237123974,2072-07-30T17:06:14.000Z,imports,api-ms-win-core-delayload-l1-1-0.dll,DelayLoadFailureHook,13eb3fdd1944500338ae1e0245ac54f6,34df073bc39c1578bf3d95a24cf20936b526a0b411fcce3f33827e9e0dc0bcef,c:\Windows\WinSxS\amd64_microsoft-windows-a..atibility-assistant_31bf3856ad364e35_10.0.18362.356_none_8994b77fb4c80277\pcasvc.dll
pcasvc.dll,680976,3,3237123974,2072-07-30T17:06:14.000Z,imports,api-ms-win-core-shlwapi-legacy-l1-1-0.dll,PathAppendW,13eb3fdd1944500338ae1e0245ac54f6,34df073bc39c1578bf3d95a24cf20936b526a0b411fcce3f33827e9e0dc0bcef,c:\Windows\WinSxS\amd64_microsoft-windows-a..atibility-assistant_31bf3856ad364e35_10.0.18362.356_none_8994b77fb4c80277\pcasvc.dll
pcasvc.dll,680976,3,3237123974,2072-07-30T17:06:14.000Z,imports,api-ms-win-core-shlwapi-legacy-l1-1-0.dll,PathFileExistsW,13eb3fdd1944500338ae1e0245ac54f6,34df073bc39c1578bf3d95a24cf20936b526a0b411fcce3f33827e9e0dc0bcef,c:\Windows\WinSxS\amd64_microsoft-windows-a..atibility-assistant_31bf3856ad364e35_10.0.18362.356_none_8994b77fb4c80277\pcasvc.dll
pcasvc.dll,680976,3,3237123974,2072-07-30T17:06:14.000Z,imports,api-ms-win-core-shlwapi-legacy-l1-1-0.dll,PathFindExtensionW,13eb3fdd1944500338ae1e0245ac54f6,34df073bc39c1578bf3d95a24cf20936b526a0b411fcce3f33827e9e0dc0bcef,c:\Windows\WinSxS\amd64_microsoft-windows-a..atibility-assistant_31bf3856ad364e35_10.0.18362.356_none_8994b77fb4c80277\pcasvc.dll
pcasvc.dll,680976,3,3237123974,2072-07-30T17:06:14.000Z,imports,api-ms-win-core-shlwapi-legacy-l1-1-0.dll,PathFindFileNameW,13eb3fdd1944500338ae1e0245ac54f6,34df073bc39c1578bf3d95a24cf20936b526a0b411fcce3f33827e9e0dc0bcef,c:\Windows\WinSxS\amd64_microsoft-windows-a..atibility-assistant_31bf3856ad364e35_10.0.18362.356_none_8994b77fb4c80277\pcasvc.dll
pcasvc.dll,680976,3,3237123974,2072-07-30T17:06:14.000Z,imports,api-ms-win-core-shlwapi-legacy-l1-1-0.dll,PathGetDriveNumberW,13eb3fdd1944500338ae1e0245ac54f6,34df073bc39c1578bf3d95a24cf20936b526a0b411fcce3f33827e9e0dc0bcef,c:\Windows\WinSxS\amd64_microsoft-windows-a..atibility-assistant_31bf3856ad364e35_10.0.18362.356_none_8994b77fb4c80277\pcasvc.dll
pcasvc.dll,680976,3,3237123974,2072-07-30T17:06:14.000Z,imports,api-ms-win-core-shlwapi-legacy-l1-1-0.dll,PathRemoveExtensionW,13eb3fdd1944500338ae1e0245ac54f6,34df073bc39c1578bf3d95a24cf20936b526a0b411fcce3f33827e9e0dc0bcef,c:\Windows\WinSxS\amd64_microsoft-windows-a..atibility-assistant_31bf3856ad364e35_10.0.18362.356_none_8994b77fb4c80277\pcasvc.dll
pcasvc.dll,680976,3,3237123974,2072-07-30T17:06:14.000Z,imports,api-ms-win-core-shlwapi-legacy-l1-1-0.dll,PathSkipRootW,13eb3fdd1944500338ae1e0245ac54f6,34df073bc39c1578bf3d95a24cf20936b526a0b411fcce3f33827e9e0dc0bcef,c:\Windows\WinSxS\amd64_microsoft-windows-a..atibility-assistant_31bf3856ad364e35_10.0.18362.356_none_8994b77fb4c80277\pcasvc.dll
pcasvc.dll,680976,3,3237123974,2072-07-30T17:06:14.000Z,imports,api-ms-win-core-shlwapi-legacy-l1-1-0.dll,PathStripPathW,13eb3fdd1944500338ae1e0245ac54f6,34df073bc39c1578bf3d95a24cf20936b526a0b411fcce3f33827e9e0dc0bcef,c:\Windows\WinSxS\amd64_microsoft-windows-a..atibility-assistant_31bf3856ad364e35_10.0.18362.356_none_8994b77fb4c80277\pcasvc.dll
pcasvc.dll,680976,3,3237123974,2072-07-30T17:06:14.000Z,imports,api-ms-win-core-threadpool-legacy-l1-1-0.dll,ChangeTimerQueueTimer,13eb3fdd1944500338ae1e0245ac54f6,34df073bc39c1578bf3d95a24cf20936b526a0b411fcce3f33827e9e0dc0bcef,c:\Windows\WinSxS\amd64_microsoft-windows-a..atibility-assistant_31bf3856ad364e35_10.0.18362.356_none_8994b77fb4c80277\pcasvc.dll
pcasvc.dll,680976,3,3237123974,2072-07-30T17:06:14.000Z,imports,api-ms-win-core-threadpool-legacy-l1-1-0.dll,CreateTimerQueueTimer,13eb3fdd1944500338ae1e0245ac54f6,34df073bc39c1578bf3d95a24cf20936b526a0b411fcce3f33827e9e0dc0bcef,c:\Windows\WinSxS\amd64_microsoft-windows-a..atibility-assistant_31bf3856ad364e35_10.0.18362.356_none_8994b77fb4c80277\pcasvc.dll
pcasvc.dll,680976,3,3237123974,2072-07-30T17:06:14.000Z,imports,api-ms-win-core-threadpool-legacy-l1-1-0.dll,DeleteTimerQueueTimer,13eb3fdd1944500338ae1e0245ac54f6,34df073bc39c1578bf3d95a24cf20936b526a0b411fcce3f33827e9e0dc0bcef,c:\Windows\WinSxS\amd64_microsoft-windows-a..atibility-assistant_31bf3856ad364e35_10.0.18362.356_none_8994b77fb4c80277\pcasvc.dll
pcasvc.dll,680976,3,3237123974,2072-07-30T17:06:14.000Z,imports,api-ms-win-core-threadpool-legacy-l1-1-0.dll,QueueUserWorkItem,13eb3fdd1944500338ae1e0245ac54f6,34df073bc39c1578bf3d95a24cf20936b526a0b411fcce3f33827e9e0dc0bcef,c:\Windows\WinSxS\amd64_microsoft-windows-a..atibility-assistant_31bf3856ad364e35_10.0.18362.356_none_8994b77fb4c80277\pcasvc.dll
pcasvc.dll,680976,3,3237123974,2072-07-30T17:06:14.000Z,imports,api-ms-win-core-registry-l2-1-0.dll,RegDeleteKeyW,13eb3fdd1944500338ae1e0245ac54f6,34df073bc39c1578bf3d95a24cf20936b526a0b411fcce3f33827e9e0dc0bcef,c:\Windows\WinSxS\amd64_microsoft-windows-a..atibility-assistant_31bf3856ad364e35_10.0.18362.356_none_8994b77fb4c80277\pcasvc.dll
pcasvc.dll,680976,3,3237123974,2072-07-30T17:06:14.000Z,imports,api-ms-win-core-registry-l2-1-0.dll,RegOpenKeyW,13eb3fdd1944500338ae1e0245ac54f6,34df073bc39c1578bf3d95a24cf20936b526a0b411fcce3f33827e9e0dc0bcef,c:\Windows\WinSxS\amd64_microsoft-windows-a..atibility-assistant_31bf3856ad364e35_10.0.18362.356_none_8994b77fb4c80277\pcasvc.dll
pcasvc.dll,680976,3,3237123974,2072-07-30T17:06:14.000Z,imports,api-ms-win-core-kernel32-legacy-l1-1-1.dll,VerifyVersionInfoW,13eb3fdd1944500338ae1e0245ac54f6,34df073bc39c1578bf3d95a24cf20936b526a0b411fcce3f33827e9e0dc0bcef,c:\Windows\WinSxS\amd64_microsoft-windows-a..atibility-assistant_31bf3856ad364e35_10.0.18362.356_none_8994b77fb4c80277\pcasvc.dll
pcasvc.dll,680976,3,3237123974,2072-07-30T17:06:14.000Z,imports,api-ms-win-core-appcompat-l1-1-1.dll,BaseFreeAppCompatDataForProcess,13eb3fdd1944500338ae1e0245ac54f6,34df073bc39c1578bf3d95a24cf20936b526a0b411fcce3f33827e9e0dc0bcef,c:\Windows\WinSxS\amd64_microsoft-windows-a..atibility-assistant_31bf3856ad364e35_10.0.18362.356_none_8994b77fb4c80277\pcasvc.dll
pcasvc.dll,680976,3,3237123974,2072-07-30T17:06:14.000Z,imports,api-ms-win-core-appcompat-l1-1-1.dll,BaseReadAppCompatDataForProcess,13eb3fdd1944500338ae1e0245ac54f6,34df073bc39c1578bf3d95a24cf20936b526a0b411fcce3f33827e9e0dc0bcef,c:\Windows\WinSxS\amd64_microsoft-windows-a..atibility-assistant_31bf3856ad364e35_10.0.18362.356_none_8994b77fb4c80277\pcasvc.dll
pcasvc.dll,680976,3,3237123974,2072-07-30T17:06:14.000Z,imports,tdh.dll,TdhGetProperty,13eb3fdd1944500338ae1e0245ac54f6,34df073bc39c1578bf3d95a24cf20936b526a0b411fcce3f33827e9e0dc0bcef,c:\Windows\WinSxS\amd64_microsoft-windows-a..atibility-assistant_31bf3856ad364e35_10.0.18362.356_none_8994b77fb4c80277\pcasvc.dll
pcasvc.dll,680976,3,3237123974,2072-07-30T17:06:14.000Z,imports,tdh.dll,TdhGetPropertySize,13eb3fdd1944500338ae1e0245ac54f6,34df073bc39c1578bf3d95a24cf20936b526a0b411fcce3f33827e9e0dc0bcef,c:\Windows\WinSxS\amd64_microsoft-windows-a..atibility-assistant_31bf3856ad364e35_10.0.18362.356_none_8994b77fb4c80277\pcasvc.dll
pcasvc.dll,680976,3,3237123974,2072-07-30T17:06:14.000Z,imports,api-ms-win-oobe-notification-l1-1-0.dll,OOBEComplete,13eb3fdd1944500338ae1e0245ac54f6,34df073bc39c1578bf3d95a24cf20936b526a0b411fcce3f33827e9e0dc0bcef,c:\Windows\WinSxS\amd64_microsoft-windows-a..atibility-assistant_31bf3856ad364e35_10.0.18362.356_none_8994b77fb4c80277\pcasvc.dll
pcasvc.dll,680976,3,3237123974,2072-07-30T17:06:14.000Z,imports,apphelp.dll,SdbAddLayerTagRefToQuery,13eb3fdd1944500338ae1e0245ac54f6,34df073bc39c1578bf3d95a24cf20936b526a0b411fcce3f33827e9e0dc0bcef,c:\Windows\WinSxS\amd64_microsoft-windows-a..atibility-assistant_31bf3856ad364e35_10.0.18362.356_none_8994b77fb4c80277\pcasvc.dll
pcasvc.dll,680976,3,3237123974,2072-07-30T17:06:14.000Z,imports,apphelp.dll,SdbFindFirstStringIndexedTag,13eb3fdd1944500338ae1e0245ac54f6,34df073bc39c1578bf3d95a24cf20936b526a0b411fcce3f33827e9e0dc0bcef,c:\Windows\WinSxS\amd64_microsoft-windows-a..atibility-assistant_31bf3856ad364e35_10.0.18362.356_none_8994b77fb4c80277\pcasvc.dll
pcasvc.dll,680976,3,3237123974,2072-07-30T17:06:14.000Z,imports,apphelp.dll,SdbFindFirstTag,13eb3fdd1944500338ae1e0245ac54f6,34df073bc39c1578bf3d95a24cf20936b526a0b411fcce3f33827e9e0dc0bcef,c:\Windows\WinSxS\amd64_microsoft-windows-a..atibility-assistant_31bf3856ad364e35_10.0.18362.356_none_8994b77fb4c80277\pcasvc.dll
pcasvc.dll,680976,3,3237123974,2072-07-30T17:06:14.000Z,imports,apphelp.dll,SdbFindFirstTagRef,13eb3fdd1944500338ae1e0245ac54f6,34df073bc39c1578bf3d95a24cf20936b526a0b411fcce3f33827e9e0dc0bcef,c:\Windows\WinSxS\amd64_microsoft-windows-a..atibility-assistant_31bf3856ad364e35_10.0.18362.356_none_8994b77fb4c80277\pcasvc.dll
pcasvc.dll,680976,3,3237123974,2072-07-30T17:06:14.000Z,imports,apphelp.dll,SdbFreeFileAttributes,13eb3fdd1944500338ae1e0245ac54f6,34df073bc39c1578bf3d95a24cf20936b526a0b411fcce3f33827e9e0dc0bcef,c:\Windows\WinSxS\amd64_microsoft-windows-a..atibility-assistant_31bf3856ad364e35_10.0.18362.356_none_8994b77fb4c80277\pcasvc.dll
pcasvc.dll,680976,3,3237123974,2072-07-30T17:06:14.000Z,imports,apphelp.dll,SdbGetBinaryTagData,13eb3fdd1944500338ae1e0245ac54f6,34df073bc39c1578bf3d95a24cf20936b526a0b411fcce3f33827e9e0dc0bcef,c:\Windows\WinSxS\amd64_microsoft-windows-a..atibility-assistant_31bf3856ad364e35_10.0.18362.356_none_8994b77fb4c80277\pcasvc.dll
pcasvc.dll,680976,3,3237123974,2072-07-30T17:06:14.000Z,imports,apphelp.dll,SdbGetDatabaseMatch,13eb3fdd1944500338ae1e0245ac54f6,34df073bc39c1578bf3d95a24cf20936b526a0b411fcce3f33827e9e0dc0bcef,c:\Windows\WinSxS\amd64_microsoft-windows-a..atibility-assistant_31bf3856ad364e35_10.0.18362.356_none_8994b77fb4c80277\pcasvc.dll
pcasvc.dll,680976,3,3237123974,2072-07-30T17:06:14.000Z,imports,apphelp.dll,SdbGetEntryFlags,13eb3fdd1944500338ae1e0245ac54f6,34df073bc39c1578bf3d95a24cf20936b526a0b411fcce3f33827e9e0dc0bcef,c:\Windows\WinSxS\amd64_microsoft-windows-a..atibility-assistant_31bf3856ad364e35_10.0.18362.356_none_8994b77fb4c80277\pcasvc.dll
pcasvc.dll,680976,3,3237123974,2072-07-30T17:06:14.000Z,imports,apphelp.dll,SdbGetFileAttributes,13eb3fdd1944500338ae1e0245ac54f6,34df073bc39c1578bf3d95a24cf20936b526a0b411fcce3f33827e9e0dc0bcef,c:\Windows\WinSxS\amd64_microsoft-windows-a..atibility-assistant_31bf3856ad364e35_10.0.18362.356_none_8994b77fb4c80277\pcasvc.dll
pcasvc.dll,680976,3,3237123974,2072-07-30T17:06:14.000Z,imports,apphelp.dll,SdbGetLayerName,13eb3fdd1944500338ae1e0245ac54f6,34df073bc39c1578bf3d95a24cf20936b526a0b411fcce3f33827e9e0dc0bcef,c:\Windows\WinSxS\amd64_microsoft-windows-a..atibility-assistant_31bf3856ad364e35_10.0.18362.356_none_8994b77fb4c80277\pcasvc.dll
pcasvc.dll,680976,3,3237123974,2072-07-30T17:06:14.000Z,imports,apphelp.dll,SdbGetMatchingExe,13eb3fdd1944500338ae1e0245ac54f6,34df073bc39c1578bf3d95a24cf20936b526a0b411fcce3f33827e9e0dc0bcef,c:\Windows\WinSxS\amd64_microsoft-windows-a..atibility-assistant_31bf3856ad364e35_10.0.18362.356_none_8994b77fb4c80277\pcasvc.dll
pcasvc.dll,680976,3,3237123974,2072-07-30T17:06:14.000Z,imports,apphelp.dll,SdbGetPDBFromGUID,13eb3fdd1944500338ae1e0245ac54f6,34df073bc39c1578bf3d95a24cf20936b526a0b411fcce3f33827e9e0dc0bcef,c:\Windows\WinSxS\amd64_microsoft-windows-a..atibility-assistant_31bf3856ad364e35_10.0.18362.356_none_8994b77fb4c80277\pcasvc.dll
pcasvc.dll,680976,3,3237123974,2072-07-30T17:06:14.000Z,imports,apphelp.dll,SdbGetPathSystemSdb,13eb3fdd1944500338ae1e0245ac54f6,34df073bc39c1578bf3d95a24cf20936b526a0b411fcce3f33827e9e0dc0bcef,c:\Windows\WinSxS\amd64_microsoft-windows-a..atibility-assistant_31bf3856ad364e35_10.0.18362.356_none_8994b77fb4c80277\pcasvc.dll
pcasvc.dll,680976,3,3237123974,2072-07-30T17:06:14.000Z,imports,apphelp.dll,SdbGetPermLayerKeys,13eb3fdd1944500338ae1e0245ac54f6,34df073bc39c1578bf3d95a24cf20936b526a0b411fcce3f33827e9e0dc0bcef,c:\Windows\WinSxS\amd64_microsoft-windows-a..atibility-assistant_31bf3856ad364e35_10.0.18362.356_none_8994b77fb4c80277\pcasvc.dll
pcasvc.dll,680976,3,3237123974,2072-07-30T17:06:14.000Z,imports,apphelp.dll,SdbGetStringTagPtr,13eb3fdd1944500338ae1e0245ac54f6,34df073bc39c1578bf3d95a24cf20936b526a0b411fcce3f33827e9e0dc0bcef,c:\Windows\WinSxS\amd64_microsoft-windows-a..atibility-assistant_31bf3856ad364e35_10.0.18362.356_none_8994b77fb4c80277\pcasvc.dll
pcasvc.dll,680976,3,3237123974,2072-07-30T17:06:14.000Z,imports,apphelp.dll,SdbInitDatabase,13eb3fdd1944500338ae1e0245ac54f6,34df073bc39c1578bf3d95a24cf20936b526a0b411fcce3f33827e9e0dc0bcef,c:\Windows\WinSxS\amd64_microsoft-windows-a..atibility-assistant_31bf3856ad364e35_10.0.18362.356_none_8994b77fb4c80277\pcasvc.dll
pcasvc.dll,680976,3,3237123974,2072-07-30T17:06:14.000Z,imports,apphelp.dll,SdbInitDatabaseEx,13eb3fdd1944500338ae1e0245ac54f6,34df073bc39c1578bf3d95a24cf20936b526a0b411fcce3f33827e9e0dc0bcef,c:\Windows\WinSxS\amd64_microsoft-windows-a..atibility-assistant_31bf3856ad364e35_10.0.18362.356_none_8994b77fb4c80277\pcasvc.dll
pcasvc.dll,680976,3,3237123974,2072-07-30T17:06:14.000Z,imports,apphelp.dll,SdbQueryData,13eb3fdd1944500338ae1e0245ac54f6,34df073bc39c1578bf3d95a24cf20936b526a0b411fcce3f33827e9e0dc0bcef,c:\Windows\WinSxS\amd64_microsoft-windows-a..atibility-assistant_31bf3856ad364e35_10.0.18362.356_none_8994b77fb4c80277\pcasvc.dll
pcasvc.dll,680976,3,3237123974,2072-07-30T17:06:14.000Z,imports,apphelp.dll,SdbQueryFlagMask,13eb3fdd1944500338ae1e0245ac54f6,34df073bc39c1578bf3d95a24cf20936b526a0b411fcce3f33827e9e0dc0bcef,c:\Windows\WinSxS\amd64_microsoft-windows-a..atibility-assistant_31bf3856ad364e35_10.0.18362.356_none_8994b77fb4c80277\pcasvc.dll
pcasvc.dll,680976,3,3237123974,2072-07-30T17:06:14.000Z,imports,apphelp.dll,SdbReadBinaryTag,13eb3fdd1944500338ae1e0245ac54f6,34df073bc39c1578bf3d95a24cf20936b526a0b411fcce3f33827e9e0dc0bcef,c:\Windows\WinSxS\amd64_microsoft-windows-a..atibility-assistant_31bf3856ad364e35_10.0.18362.356_none_8994b77fb4c80277\pcasvc.dll
pcasvc.dll,680976,3,3237123974,2072-07-30T17:06:14.000Z,imports,apphelp.dll,SdbReadEntryInformation,13eb3fdd1944500338ae1e0245ac54f6,34df073bc39c1578bf3d95a24cf20936b526a0b411fcce3f33827e9e0dc0bcef,c:\Windows\WinSxS\amd64_microsoft-windows-a..atibility-assistant_31bf3856ad364e35_10.0.18362.356_none_8994b77fb4c80277\pcasvc.dll
pcasvc.dll,680976,3,3237123974,2072-07-30T17:06:14.000Z,imports,apphelp.dll,SdbReleaseDatabase,13eb3fdd1944500338ae1e0245ac54f6,34df073bc39c1578bf3d95a24cf20936b526a0b411fcce3f33827e9e0dc0bcef,c:\Windows\WinSxS\amd64_microsoft-windows-a..atibility-assistant_31bf3856ad364e35_10.0.18362.356_none_8994b77fb4c80277\pcasvc.dll
pcasvc.dll,680976,3,3237123974,2072-07-30T17:06:14.000Z,imports,apphelp.dll,SdbSetImageType,13eb3fdd1944500338ae1e0245ac54f6,34df073bc39c1578bf3d95a24cf20936b526a0b411fcce3f33827e9e0dc0bcef,c:\Windows\WinSxS\amd64_microsoft-windows-a..atibility-assistant_31bf3856ad364e35_10.0.18362.356_none_8994b77fb4c80277\pcasvc.dll
pcasvc.dll,680976,3,3237123974,2072-07-30T17:06:14.000Z,imports,apphelp.dll,SdbTagIDToTagRef,13eb3fdd1944500338ae1e0245ac54f6,34df073bc39c1578bf3d95a24cf20936b526a0b411fcce3f33827e9e0dc0bcef,c:\Windows\WinSxS\amd64_microsoft-windows-a..atibility-assistant_31bf3856ad364e35_10.0.18362.356_none_8994b77fb4c80277\pcasvc.dll
pcasvc.dll,680976,3,3237123974,2072-07-30T17:06:14.000Z,imports,apphelp.dll,SdbTagRefToTagID,13eb3fdd1944500338ae1e0245ac54f6,34df073bc39c1578bf3d95a24cf20936b526a0b411fcce3f33827e9e0dc0bcef,c:\Windows\WinSxS\amd64_microsoft-windows-a..atibility-assistant_31bf3856ad364e35_10.0.18362.356_none_8994b77fb4c80277\pcasvc.dll
pcasvc.dll,680976,3,3237123974,2072-07-30T17:06:14.000Z,imports,apphelp.dll,SetPermLayerState,13eb3fdd1944500338ae1e0245ac54f6,34df073bc39c1578bf3d95a24cf20936b526a0b411fcce3f33827e9e0dc0bcef,c:\Windows\WinSxS\amd64_microsoft-windows-a..atibility-assistant_31bf3856ad364e35_10.0.18362.356_none_8994b77fb4c80277\pcasvc.dll
pcasvc.dll,680976,3,3237123974,2072-07-30T17:06:14.000Z,imports,api-ms-win-core-sidebyside-l1-1-0.dll,CreateActCtxW,13eb3fdd1944500338ae1e0245ac54f6,34df073bc39c1578bf3d95a24cf20936b526a0b411fcce3f33827e9e0dc0bcef,c:\Windows\WinSxS\amd64_microsoft-windows-a..atibility-assistant_31bf3856ad364e35_10.0.18362.356_none_8994b77fb4c80277\pcasvc.dll
pcasvc.dll,680976,3,3237123974,2072-07-30T17:06:14.000Z,imports,api-ms-win-core-sidebyside-l1-1-0.dll,QueryActCtxW,13eb3fdd1944500338ae1e0245ac54f6,34df073bc39c1578bf3d95a24cf20936b526a0b411fcce3f33827e9e0dc0bcef,c:\Windows\WinSxS\amd64_microsoft-windows-a..atibility-assistant_31bf3856ad364e35_10.0.18362.356_none_8994b77fb4c80277\pcasvc.dll
pcasvc.dll,680976,3,3237123974,2072-07-30T17:06:14.000Z,imports,api-ms-win-core-sidebyside-l1-1-0.dll,ReleaseActCtx,13eb3fdd1944500338ae1e0245ac54f6,34df073bc39c1578bf3d95a24cf20936b526a0b411fcce3f33827e9e0dc0bcef,c:\Windows\WinSxS\amd64_microsoft-windows-a..atibility-assistant_31bf3856ad364e35_10.0.18362.356_none_8994b77fb4c80277\pcasvc.dll
pcasvc.dll,680976,3,3237123974,2072-07-30T17:06:14.000Z,imports,api-ms-win-core-file-l2-1-0.dll,MoveFileExW,13eb3fdd1944500338ae1e0245ac54f6,34df073bc39c1578bf3d95a24cf20936b526a0b411fcce3f33827e9e0dc0bcef,c:\Windows\WinSxS\amd64_microsoft-windows-a..atibility-assistant_31bf3856ad364e35_10.0.18362.356_none_8994b77fb4c80277\pcasvc.dll
pcasvc.dll,680976,3,3237123974,2072-07-30T17:06:14.000Z,imports,api-ms-win-core-timezone-l1-1-0.dll,FileTimeToSystemTime,13eb3fdd1944500338ae1e0245ac54f6,34df073bc39c1578bf3d95a24cf20936b526a0b411fcce3f33827e9e0dc0bcef,c:\Windows\WinSxS\amd64_microsoft-windows-a..atibility-assistant_31bf3856ad364e35_10.0.18362.356_none_8994b77fb4c80277\pcasvc.dll
pcasvc.dll,680976,3,3237123974,2072-07-30T17:06:14.000Z,imports,api-ms-win-core-timezone-l1-1-0.dll,SystemTimeToFileTime,13eb3fdd1944500338ae1e0245ac54f6,34df073bc39c1578bf3d95a24cf20936b526a0b411fcce3f33827e9e0dc0bcef,c:\Windows\WinSxS\amd64_microsoft-windows-a..atibility-assistant_31bf3856ad364e35_10.0.18362.356_none_8994b77fb4c80277\pcasvc.dll
pcasvc.dll,680976,3,3237123974,2072-07-30T17:06:14.000Z,imports,userenv.dll,ExpandEnvironmentStringsForUserW,13eb3fdd1944500338ae1e0245ac54f6,34df073bc39c1578bf3d95a24cf20936b526a0b411fcce3f33827e9e0dc0bcef,c:\Windows\WinSxS\amd64_microsoft-windows-a..atibility-assistant_31bf3856ad364e35_10.0.18362.356_none_8994b77fb4c80277\pcasvc.dll
pcasvc.dll,680976,3,3237123974,2072-07-30T17:06:14.000Z,imports,api-ms-win-core-com-l1-1-1.dll,RoGetAgileReference,13eb3fdd1944500338ae1e0245ac54f6,34df073bc39c1578bf3d95a24cf20936b526a0b411fcce3f33827e9e0dc0bcef,c:\Windows\WinSxS\amd64_microsoft-windows-a..atibility-assistant_31bf3856ad364e35_10.0.18362.356_none_8994b77fb4c80277\pcasvc.dll
pcasvc.dll,680976,3,3237123974,2072-07-30T17:06:14.000Z,imports,winhttp.dll,WinHttpCloseHandle,13eb3fdd1944500338ae1e0245ac54f6,34df073bc39c1578bf3d95a24cf20936b526a0b411fcce3f33827e9e0dc0bcef,c:\Windows\WinSxS\amd64_microsoft-windows-a..atibility-assistant_31bf3856ad364e35_10.0.18362.356_none_8994b77fb4c80277\pcasvc.dll
pcasvc.dll,680976,3,3237123974,2072-07-30T17:06:14.000Z,imports,winhttp.dll,WinHttpConnect,13eb3fdd1944500338ae1e0245ac54f6,34df073bc39c1578bf3d95a24cf20936b526a0b411fcce3f33827e9e0dc0bcef,c:\Windows\WinSxS\amd64_microsoft-windows-a..atibility-assistant_31bf3856ad364e35_10.0.18362.356_none_8994b77fb4c80277\pcasvc.dll
pcasvc.dll,680976,3,3237123974,2072-07-30T17:06:14.000Z,imports,winhttp.dll,WinHttpGetDefaultProxyConfiguration,13eb3fdd1944500338ae1e0245ac54f6,34df073bc39c1578bf3d95a24cf20936b526a0b411fcce3f33827e9e0dc0bcef,c:\Windows\WinSxS\amd64_microsoft-windows-a..atibility-assistant_31bf3856ad364e35_10.0.18362.356_none_8994b77fb4c80277\pcasvc.dll
pcasvc.dll,680976,3,3237123974,2072-07-30T17:06:14.000Z,imports,winhttp.dll,WinHttpGetIEProxyConfigForCurrentUser,13eb3fdd1944500338ae1e0245ac54f6,34df073bc39c1578bf3d95a24cf20936b526a0b411fcce3f33827e9e0dc0bcef,c:\Windows\WinSxS\amd64_microsoft-windows-a..atibility-assistant_31bf3856ad364e35_10.0.18362.356_none_8994b77fb4c80277\pcasvc.dll
pcasvc.dll,680976,3,3237123974,2072-07-30T17:06:14.000Z,imports,winhttp.dll,WinHttpGetProxyForUrl,13eb3fdd1944500338ae1e0245ac54f6,34df073bc39c1578bf3d95a24cf20936b526a0b411fcce3f33827e9e0dc0bcef,c:\Windows\WinSxS\amd64_microsoft-windows-a..atibility-assistant_31bf3856ad364e35_10.0.18362.356_none_8994b77fb4c80277\pcasvc.dll
pcasvc.dll,680976,3,3237123974,2072-07-30T17:06:14.000Z,imports,winhttp.dll,WinHttpOpen,13eb3fdd1944500338ae1e0245ac54f6,34df073bc39c1578bf3d95a24cf20936b526a0b411fcce3f33827e9e0dc0bcef,c:\Windows\WinSxS\amd64_microsoft-windows-a..atibility-assistant_31bf3856ad364e35_10.0.18362.356_none_8994b77fb4c80277\pcasvc.dll
pcasvc.dll,680976,3,3237123974,2072-07-30T17:06:14.000Z,imports,winhttp.dll,WinHttpOpenRequest,13eb3fdd1944500338ae1e0245ac54f6,34df073bc39c1578bf3d95a24cf20936b526a0b411fcce3f33827e9e0dc0bcef,c:\Windows\WinSxS\amd64_microsoft-windows-a..atibility-assistant_31bf3856ad364e35_10.0.18362.356_none_8994b77fb4c80277\pcasvc.dll
pcasvc.dll,680976,3,3237123974,2072-07-30T17:06:14.000Z,imports,winhttp.dll,WinHttpQueryDataAvailable,13eb3fdd1944500338ae1e0245ac54f6,34df073bc39c1578bf3d95a24cf20936b526a0b411fcce3f33827e9e0dc0bcef,c:\Windows\WinSxS\amd64_microsoft-windows-a..atibility-assistant_31bf3856ad364e35_10.0.18362.356_none_8994b77fb4c80277\pcasvc.dll
pcasvc.dll,680976,3,3237123974,2072-07-30T17:06:14.000Z,imports,winhttp.dll,WinHttpQueryHeaders,13eb3fdd1944500338ae1e0245ac54f6,34df073bc39c1578bf3d95a24cf20936b526a0b411fcce3f33827e9e0dc0bcef,c:\Windows\WinSxS\amd64_microsoft-windows-a..atibility-assistant_31bf3856ad364e35_10.0.18362.356_none_8994b77fb4c80277\pcasvc.dll
pcasvc.dll,680976,3,3237123974,2072-07-30T17:06:14.000Z,imports,winhttp.dll,WinHttpReadData,13eb3fdd1944500338ae1e0245ac54f6,34df073bc39c1578bf3d95a24cf20936b526a0b411fcce3f33827e9e0dc0bcef,c:\Windows\WinSxS\amd64_microsoft-windows-a..atibility-assistant_31bf3856ad364e35_10.0.18362.356_none_8994b77fb4c80277\pcasvc.dll
pcasvc.dll,680976,3,3237123974,2072-07-30T17:06:14.000Z,imports,winhttp.dll,WinHttpReceiveResponse,13eb3fdd1944500338ae1e0245ac54f6,34df073bc39c1578bf3d95a24cf20936b526a0b411fcce3f33827e9e0dc0bcef,c:\Windows\WinSxS\amd64_microsoft-windows-a..atibility-assistant_31bf3856ad364e35_10.0.18362.356_none_8994b77fb4c80277\pcasvc.dll
pcasvc.dll,680976,3,3237123974,2072-07-30T17:06:14.000Z,imports,winhttp.dll,WinHttpSendRequest,13eb3fdd1944500338ae1e0245ac54f6,34df073bc39c1578bf3d95a24cf20936b526a0b411fcce3f33827e9e0dc0bcef,c:\Windows\WinSxS\amd64_microsoft-windows-a..atibility-assistant_31bf3856ad364e35_10.0.18362.356_none_8994b77fb4c80277\pcasvc.dll
pcasvc.dll,680976,3,3237123974,2072-07-30T17:06:14.000Z,imports,winhttp.dll,WinHttpSetOption,13eb3fdd1944500338ae1e0245ac54f6,34df073bc39c1578bf3d95a24cf20936b526a0b411fcce3f33827e9e0dc0bcef,c:\Windows\WinSxS\amd64_microsoft-windows-a..atibility-assistant_31bf3856ad364e35_10.0.18362.356_none_8994b77fb4c80277\pcasvc.dll
pcasvc.dll,680976,3,3237123974,2072-07-30T17:06:14.000Z,imports,api-ms-win-core-version-l1-1-1.dll,GetFileVersionInfoSizeW,13eb3fdd1944500338ae1e0245ac54f6,34df073bc39c1578bf3d95a24cf20936b526a0b411fcce3f33827e9e0dc0bcef,c:\Windows\WinSxS\amd64_microsoft-windows-a..atibility-assistant_31bf3856ad364e35_10.0.18362.356_none_8994b77fb4c80277\pcasvc.dll
pcasvc.dll,680976,3,3237123974,2072-07-30T17:06:14.000Z,imports,api-ms-win-core-version-l1-1-1.dll,GetFileVersionInfoW,13eb3fdd1944500338ae1e0245ac54f6,34df073bc39c1578bf3d95a24cf20936b526a0b411fcce3f33827e9e0dc0bcef,c:\Windows\WinSxS\amd64_microsoft-windows-a..atibility-assistant_31bf3856ad364e35_10.0.18362.356_none_8994b77fb4c80277\pcasvc.dll
pcasvc.dll,680976,3,3237123974,2072-07-30T17:06:14.000Z,imports,api-ms-win-core-version-l1-1-0.dll,VerQueryValueW,13eb3fdd1944500338ae1e0245ac54f6,34df073bc39c1578bf3d95a24cf20936b526a0b411fcce3f33827e9e0dc0bcef,c:\Windows\WinSxS\amd64_microsoft-windows-a..atibility-assistant_31bf3856ad364e35_10.0.18362.356_none_8994b77fb4c80277\pcasvc.dll
pcasvc.dll,680976,3,3237123974,2072-07-30T17:06:14.000Z,imports,api-ms-win-core-winrt-string-l1-1-0.dll,WindowsCreateString,13eb3fdd1944500338ae1e0245ac54f6,34df073bc39c1578bf3d95a24cf20936b526a0b411fcce3f33827e9e0dc0bcef,c:\Windows\WinSxS\amd64_microsoft-windows-a..atibility-assistant_31bf3856ad364e35_10.0.18362.356_none_8994b77fb4c80277\pcasvc.dll
pcasvc.dll,680976,3,3237123974,2072-07-30T17:06:14.000Z,imports,api-ms-win-core-winrt-string-l1-1-0.dll,WindowsCreateStringReference,13eb3fdd1944500338ae1e0245ac54f6,34df073bc39c1578bf3d95a24cf20936b526a0b411fcce3f33827e9e0dc0bcef,c:\Windows\WinSxS\amd64_microsoft-windows-a..atibility-assistant_31bf3856ad364e35_10.0.18362.356_none_8994b77fb4c80277\pcasvc.dll
pcasvc.dll,680976,3,3237123974,2072-07-30T17:06:14.000Z,imports,api-ms-win-core-winrt-string-l1-1-0.dll,WindowsDeleteString,13eb3fdd1944500338ae1e0245ac54f6,34df073bc39c1578bf3d95a24cf20936b526a0b411fcce3f33827e9e0dc0bcef,c:\Windows\WinSxS\amd64_microsoft-windows-a..atibility-assistant_31bf3856ad364e35_10.0.18362.356_none_8994b77fb4c80277\pcasvc.dll
pcasvc.dll,680976,3,3237123974,2072-07-30T17:06:14.000Z,imports,api-ms-win-core-winrt-string-l1-1-0.dll,WindowsGetStringRawBuffer,13eb3fdd1944500338ae1e0245ac54f6,34df073bc39c1578bf3d95a24cf20936b526a0b411fcce3f33827e9e0dc0bcef,c:\Windows\WinSxS\amd64_microsoft-windows-a..atibility-assistant_31bf3856ad364e35_10.0.18362.356_none_8994b77fb4c80277\pcasvc.dll
pcasvc.dll,680976,3,3237123974,2072-07-30T17:06:14.000Z,imports,api-ms-win-core-string-obsolete-l1-1-0.dll,lstrcmpW,13eb3fdd1944500338ae1e0245ac54f6,34df073bc39c1578bf3d95a24cf20936b526a0b411fcce3f33827e9e0dc0bcef,c:\Windows\WinSxS\amd64_microsoft-windows-a..atibility-assistant_31bf3856ad364e35_10.0.18362.356_none_8994b77fb4c80277\pcasvc.dll
pcasvc.dll,680976,3,3237123974,2072-07-30T17:06:14.000Z,imports,api-ms-win-core-string-obsolete-l1-1-0.dll,lstrcmpiW,13eb3fdd1944500338ae1e0245ac54f6,34df073bc39c1578bf3d95a24cf20936b526a0b411fcce3f33827e9e0dc0bcef,c:\Windows\WinSxS\amd64_microsoft-windows-a..atibility-assistant_31bf3856ad364e35_10.0.18362.356_none_8994b77fb4c80277\pcasvc.dll
pcasvc.dll,680976,3,3237123974,2072-07-30T17:06:14.000Z,imports,api-ms-win-security-cryptoapi-l1-1-0.dll,CryptAcquireContextW,13eb3fdd1944500338ae1e0245ac54f6,34df073bc39c1578bf3d95a24cf20936b526a0b411fcce3f33827e9e0dc0bcef,c:\Windows\WinSxS\amd64_microsoft-windows-a..atibility-assistant_31bf3856ad364e35_10.0.18362.356_none_8994b77fb4c80277\pcasvc.dll
pcasvc.dll,680976,3,3237123974,2072-07-30T17:06:14.000Z,imports,api-ms-win-security-cryptoapi-l1-1-0.dll,CryptCreateHash,13eb3fdd1944500338ae1e0245ac54f6,34df073bc39c1578bf3d95a24cf20936b526a0b411fcce3f33827e9e0dc0bcef,c:\Windows\WinSxS\amd64_microsoft-windows-a..atibility-assistant_31bf3856ad364e35_10.0.18362.356_none_8994b77fb4c80277\pcasvc.dll
pcasvc.dll,680976,3,3237123974,2072-07-30T17:06:14.000Z,imports,api-ms-win-security-cryptoapi-l1-1-0.dll,CryptDestroyHash,13eb3fdd1944500338ae1e0245ac54f6,34df073bc39c1578bf3d95a24cf20936b526a0b411fcce3f33827e9e0dc0bcef,c:\Windows\WinSxS\amd64_microsoft-windows-a..atibility-assistant_31bf3856ad364e35_10.0.18362.356_none_8994b77fb4c80277\pcasvc.dll
pcasvc.dll,680976,3,3237123974,2072-07-30T17:06:14.000Z,imports,api-ms-win-security-cryptoapi-l1-1-0.dll,CryptGetHashParam,13eb3fdd1944500338ae1e0245ac54f6,34df073bc39c1578bf3d95a24cf20936b526a0b411fcce3f33827e9e0dc0bcef,c:\Windows\WinSxS\amd64_microsoft-windows-a..atibility-assistant_31bf3856ad364e35_10.0.18362.356_none_8994b77fb4c80277\pcasvc.dll
pcasvc.dll,680976,3,3237123974,2072-07-30T17:06:14.000Z,imports,api-ms-win-security-cryptoapi-l1-1-0.dll,CryptHashData,13eb3fdd1944500338ae1e0245ac54f6,34df073bc39c1578bf3d95a24cf20936b526a0b411fcce3f33827e9e0dc0bcef,c:\Windows\WinSxS\amd64_microsoft-windows-a..atibility-assistant_31bf3856ad364e35_10.0.18362.356_none_8994b77fb4c80277\pcasvc.dll
pcasvc.dll,680976,3,3237123974,2072-07-30T17:06:14.000Z,imports,api-ms-win-security-cryptoapi-l1-1-0.dll,CryptReleaseContext,13eb3fdd1944500338ae1e0245ac54f6,34df073bc39c1578bf3d95a24cf20936b526a0b411fcce3f33827e9e0dc0bcef,c:\Windows\WinSxS\amd64_microsoft-windows-a..atibility-assistant_31bf3856ad364e35_10.0.18362.356_none_8994b77fb4c80277\pcasvc.dll
pcasvc.dll,680976,3,3237123974,2072-07-30T17:06:14.000Z,imports,api-ms-win-shcore-taskpool-l1-1-0.dll,SHTaskPoolQueueTask,13eb3fdd1944500338ae1e0245ac54f6,34df073bc39c1578bf3d95a24cf20936b526a0b411fcce3f33827e9e0dc0bcef,c:\Windows\WinSxS\amd64_microsoft-windows-a..atibility-assistant_31bf3856ad364e35_10.0.18362.356_none_8994b77fb4c80277\pcasvc.dll
pcasvc.dll,680976,3,3237123974,2072-07-30T17:06:14.000Z,exports,pcasvc.dll,QueryEncapsulationSettings,13eb3fdd1944500338ae1e0245ac54f6,34df073bc39c1578bf3d95a24cf20936b526a0b411fcce3f33827e9e0dc0bcef,c:\Windows\WinSxS\amd64_microsoft-windows-a..atibility-assistant_31bf3856ad364e35_10.0.18362.356_none_8994b77fb4c80277\pcasvc.dll
pcasvc.dll,680976,3,3237123974,2072-07-30T17:06:14.000Z,exports,pcasvc.dll,QueryEncapsulationSettingsTC,13eb3fdd1944500338ae1e0245ac54f6,34df073bc39c1578bf3d95a24cf20936b526a0b411fcce3f33827e9e0dc0bcef,c:\Windows\WinSxS\amd64_microsoft-windows-a..atibility-assistant_31bf3856ad364e35_10.0.18362.356_none_8994b77fb4c80277\pcasvc.dll
pcasvc.dll,680976,3,3237123974,2072-07-30T17:06:14.000Z,exports,pcasvc.dll,ServiceMain,13eb3fdd1944500338ae1e0245ac54f6,34df073bc39c1578bf3d95a24cf20936b526a0b411fcce3f33827e9e0dc0bcef,c:\Windows\WinSxS\amd64_microsoft-windows-a..atibility-assistant_31bf3856ad364e35_10.0.18362.356_none_8994b77fb4c80277\pcasvc.dll
pcasvc.dll,680976,3,3237123974,2072-07-30T17:06:14.000Z,exports,pcasvc.dll,SvchostPushServiceGlobals,13eb3fdd1944500338ae1e0245ac54f6,34df073bc39c1578bf3d95a24cf20936b526a0b411fcce3f33827e9e0dc0bcef,c:\Windows\WinSxS\amd64_microsoft-windows-a..atibility-assistant_31bf3856ad364e35_10.0.18362.356_none_8994b77fb4c80277\pcasvc.dll
