SPTIP.DLL,122880,3,2756036539,2057-05-02T13:42:19.000Z,imports,msvcrt.dll,??1type_info@@UAE@XZ,f84a497a0e05969525d81ae3d63ae1c7,d7a2264be1316d616a9fe85b9e5c9dfb432ad2963e3de348f07c3ef46e092f62,c:\Windows\IME\SPTIP.DLL
SPTIP.DLL,122880,3,2756036539,2057-05-02T13:42:19.000Z,imports,msvcrt.dll,?terminate@@YAXXZ,f84a497a0e05969525d81ae3d63ae1c7,d7a2264be1316d616a9fe85b9e5c9dfb432ad2963e3de348f07c3ef46e092f62,c:\Windows\IME\SPTIP.DLL
SPTIP.DLL,122880,3,2756036539,2057-05-02T13:42:19.000Z,imports,msvcrt.dll,_CxxThrowException,f84a497a0e05969525d81ae3d63ae1c7,d7a2264be1316d616a9fe85b9e5c9dfb432ad2963e3de348f07c3ef46e092f62,c:\Windows\IME\SPTIP.DLL
SPTIP.DLL,122880,3,2756036539,2057-05-02T13:42:19.000Z,imports,msvcrt.dll,_XcptFilter,f84a497a0e05969525d81ae3d63ae1c7,d7a2264be1316d616a9fe85b9e5c9dfb432ad2963e3de348f07c3ef46e092f62,c:\Windows\IME\SPTIP.DLL
SPTIP.DLL,122880,3,2756036539,2057-05-02T13:42:19.000Z,imports,msvcrt.dll,__CxxFrameHandler3,f84a497a0e05969525d81ae3d63ae1c7,d7a2264be1316d616a9fe85b9e5c9dfb432ad2963e3de348f07c3ef46e092f62,c:\Windows\IME\SPTIP.DLL
SPTIP.DLL,122880,3,2756036539,2057-05-02T13:42:19.000Z,imports,msvcrt.dll,__dllonexit,f84a497a0e05969525d81ae3d63ae1c7,d7a2264be1316d616a9fe85b9e5c9dfb432ad2963e3de348f07c3ef46e092f62,c:\Windows\IME\SPTIP.DLL
SPTIP.DLL,122880,3,2756036539,2057-05-02T13:42:19.000Z,imports,msvcrt.dll,_amsg_exit,f84a497a0e05969525d81ae3d63ae1c7,d7a2264be1316d616a9fe85b9e5c9dfb432ad2963e3de348f07c3ef46e092f62,c:\Windows\IME\SPTIP.DLL
SPTIP.DLL,122880,3,2756036539,2057-05-02T13:42:19.000Z,imports,msvcrt.dll,_callnewh,f84a497a0e05969525d81ae3d63ae1c7,d7a2264be1316d616a9fe85b9e5c9dfb432ad2963e3de348f07c3ef46e092f62,c:\Windows\IME\SPTIP.DLL
SPTIP.DLL,122880,3,2756036539,2057-05-02T13:42:19.000Z,imports,msvcrt.dll,_errno,f84a497a0e05969525d81ae3d63ae1c7,d7a2264be1316d616a9fe85b9e5c9dfb432ad2963e3de348f07c3ef46e092f62,c:\Windows\IME\SPTIP.DLL
SPTIP.DLL,122880,3,2756036539,2057-05-02T13:42:19.000Z,imports,msvcrt.dll,_except_handler4_common,f84a497a0e05969525d81ae3d63ae1c7,d7a2264be1316d616a9fe85b9e5c9dfb432ad2963e3de348f07c3ef46e092f62,c:\Windows\IME\SPTIP.DLL
SPTIP.DLL,122880,3,2756036539,2057-05-02T13:42:19.000Z,imports,msvcrt.dll,_ftol2,f84a497a0e05969525d81ae3d63ae1c7,d7a2264be1316d616a9fe85b9e5c9dfb432ad2963e3de348f07c3ef46e092f62,c:\Windows\IME\SPTIP.DLL
SPTIP.DLL,122880,3,2756036539,2057-05-02T13:42:19.000Z,imports,msvcrt.dll,_initterm,f84a497a0e05969525d81ae3d63ae1c7,d7a2264be1316d616a9fe85b9e5c9dfb432ad2963e3de348f07c3ef46e092f62,c:\Windows\IME\SPTIP.DLL
SPTIP.DLL,122880,3,2756036539,2057-05-02T13:42:19.000Z,imports,msvcrt.dll,_lock,f84a497a0e05969525d81ae3d63ae1c7,d7a2264be1316d616a9fe85b9e5c9dfb432ad2963e3de348f07c3ef46e092f62,c:\Windows\IME\SPTIP.DLL
SPTIP.DLL,122880,3,2756036539,2057-05-02T13:42:19.000Z,imports,msvcrt.dll,_onexit,f84a497a0e05969525d81ae3d63ae1c7,d7a2264be1316d616a9fe85b9e5c9dfb432ad2963e3de348f07c3ef46e092f62,c:\Windows\IME\SPTIP.DLL
SPTIP.DLL,122880,3,2756036539,2057-05-02T13:42:19.000Z,imports,msvcrt.dll,_purecall,f84a497a0e05969525d81ae3d63ae1c7,d7a2264be1316d616a9fe85b9e5c9dfb432ad2963e3de348f07c3ef46e092f62,c:\Windows\IME\SPTIP.DLL
SPTIP.DLL,122880,3,2756036539,2057-05-02T13:42:19.000Z,imports,msvcrt.dll,_resetstkoflw,f84a497a0e05969525d81ae3d63ae1c7,d7a2264be1316d616a9fe85b9e5c9dfb432ad2963e3de348f07c3ef46e092f62,c:\Windows\IME\SPTIP.DLL
SPTIP.DLL,122880,3,2756036539,2057-05-02T13:42:19.000Z,imports,msvcrt.dll,_ultow_s,f84a497a0e05969525d81ae3d63ae1c7,d7a2264be1316d616a9fe85b9e5c9dfb432ad2963e3de348f07c3ef46e092f62,c:\Windows\IME\SPTIP.DLL
SPTIP.DLL,122880,3,2756036539,2057-05-02T13:42:19.000Z,imports,msvcrt.dll,_unlock,f84a497a0e05969525d81ae3d63ae1c7,d7a2264be1316d616a9fe85b9e5c9dfb432ad2963e3de348f07c3ef46e092f62,c:\Windows\IME\SPTIP.DLL
SPTIP.DLL,122880,3,2756036539,2057-05-02T13:42:19.000Z,imports,msvcrt.dll,free,f84a497a0e05969525d81ae3d63ae1c7,d7a2264be1316d616a9fe85b9e5c9dfb432ad2963e3de348f07c3ef46e092f62,c:\Windows\IME\SPTIP.DLL
SPTIP.DLL,122880,3,2756036539,2057-05-02T13:42:19.000Z,imports,msvcrt.dll,malloc,f84a497a0e05969525d81ae3d63ae1c7,d7a2264be1316d616a9fe85b9e5c9dfb432ad2963e3de348f07c3ef46e092f62,c:\Windows\IME\SPTIP.DLL
SPTIP.DLL,122880,3,2756036539,2057-05-02T13:42:19.000Z,imports,msvcrt.dll,memcpy_s,f84a497a0e05969525d81ae3d63ae1c7,d7a2264be1316d616a9fe85b9e5c9dfb432ad2963e3de348f07c3ef46e092f62,c:\Windows\IME\SPTIP.DLL
SPTIP.DLL,122880,3,2756036539,2057-05-02T13:42:19.000Z,imports,msvcrt.dll,memmove_s,f84a497a0e05969525d81ae3d63ae1c7,d7a2264be1316d616a9fe85b9e5c9dfb432ad2963e3de348f07c3ef46e092f62,c:\Windows\IME\SPTIP.DLL
SPTIP.DLL,122880,3,2756036539,2057-05-02T13:42:19.000Z,imports,msvcrt.dll,memset,f84a497a0e05969525d81ae3d63ae1c7,d7a2264be1316d616a9fe85b9e5c9dfb432ad2963e3de348f07c3ef46e092f62,c:\Windows\IME\SPTIP.DLL
SPTIP.DLL,122880,3,2756036539,2057-05-02T13:42:19.000Z,imports,msvcrt.dll,realloc,f84a497a0e05969525d81ae3d63ae1c7,d7a2264be1316d616a9fe85b9e5c9dfb432ad2963e3de348f07c3ef46e092f62,c:\Windows\IME\SPTIP.DLL
SPTIP.DLL,122880,3,2756036539,2057-05-02T13:42:19.000Z,imports,msvcrt.dll,tolower,f84a497a0e05969525d81ae3d63ae1c7,d7a2264be1316d616a9fe85b9e5c9dfb432ad2963e3de348f07c3ef46e092f62,c:\Windows\IME\SPTIP.DLL
SPTIP.DLL,122880,3,2756036539,2057-05-02T13:42:19.000Z,imports,msvcrt.dll,wcscat_s,f84a497a0e05969525d81ae3d63ae1c7,d7a2264be1316d616a9fe85b9e5c9dfb432ad2963e3de348f07c3ef46e092f62,c:\Windows\IME\SPTIP.DLL
SPTIP.DLL,122880,3,2756036539,2057-05-02T13:42:19.000Z,imports,msvcrt.dll,wcschr,f84a497a0e05969525d81ae3d63ae1c7,d7a2264be1316d616a9fe85b9e5c9dfb432ad2963e3de348f07c3ef46e092f62,c:\Windows\IME\SPTIP.DLL
SPTIP.DLL,122880,3,2756036539,2057-05-02T13:42:19.000Z,imports,msvcrt.dll,wcscpy_s,f84a497a0e05969525d81ae3d63ae1c7,d7a2264be1316d616a9fe85b9e5c9dfb432ad2963e3de348f07c3ef46e092f62,c:\Windows\IME\SPTIP.DLL
SPTIP.DLL,122880,3,2756036539,2057-05-02T13:42:19.000Z,imports,msvcrt.dll,wcsncpy_s,f84a497a0e05969525d81ae3d63ae1c7,d7a2264be1316d616a9fe85b9e5c9dfb432ad2963e3de348f07c3ef46e092f62,c:\Windows\IME\SPTIP.DLL
SPTIP.DLL,122880,3,2756036539,2057-05-02T13:42:19.000Z,imports,user32.dll,CharNextW,f84a497a0e05969525d81ae3d63ae1c7,d7a2264be1316d616a9fe85b9e5c9dfb432ad2963e3de348f07c3ef46e092f62,c:\Windows\IME\SPTIP.DLL
SPTIP.DLL,122880,3,2756036539,2057-05-02T13:42:19.000Z,imports,user32.dll,CreateWindowExW,f84a497a0e05969525d81ae3d63ae1c7,d7a2264be1316d616a9fe85b9e5c9dfb432ad2963e3de348f07c3ef46e092f62,c:\Windows\IME\SPTIP.DLL
SPTIP.DLL,122880,3,2756036539,2057-05-02T13:42:19.000Z,imports,user32.dll,DefWindowProcW,f84a497a0e05969525d81ae3d63ae1c7,d7a2264be1316d616a9fe85b9e5c9dfb432ad2963e3de348f07c3ef46e092f62,c:\Windows\IME\SPTIP.DLL
SPTIP.DLL,122880,3,2756036539,2057-05-02T13:42:19.000Z,imports,user32.dll,DestroyWindow,f84a497a0e05969525d81ae3d63ae1c7,d7a2264be1316d616a9fe85b9e5c9dfb432ad2963e3de348f07c3ef46e092f62,c:\Windows\IME\SPTIP.DLL
SPTIP.DLL,122880,3,2756036539,2057-05-02T13:42:19.000Z,imports,user32.dll,GetFocus,f84a497a0e05969525d81ae3d63ae1c7,d7a2264be1316d616a9fe85b9e5c9dfb432ad2963e3de348f07c3ef46e092f62,c:\Windows\IME\SPTIP.DLL
SPTIP.DLL,122880,3,2756036539,2057-05-02T13:42:19.000Z,imports,user32.dll,GetWindowLongW,f84a497a0e05969525d81ae3d63ae1c7,d7a2264be1316d616a9fe85b9e5c9dfb432ad2963e3de348f07c3ef46e092f62,c:\Windows\IME\SPTIP.DLL
SPTIP.DLL,122880,3,2756036539,2057-05-02T13:42:19.000Z,imports,user32.dll,KillTimer,f84a497a0e05969525d81ae3d63ae1c7,d7a2264be1316d616a9fe85b9e5c9dfb432ad2963e3de348f07c3ef46e092f62,c:\Windows\IME\SPTIP.DLL
SPTIP.DLL,122880,3,2756036539,2057-05-02T13:42:19.000Z,imports,user32.dll,PostMessageW,f84a497a0e05969525d81ae3d63ae1c7,d7a2264be1316d616a9fe85b9e5c9dfb432ad2963e3de348f07c3ef46e092f62,c:\Windows\IME\SPTIP.DLL
SPTIP.DLL,122880,3,2756036539,2057-05-02T13:42:19.000Z,imports,user32.dll,RegisterClassExW,f84a497a0e05969525d81ae3d63ae1c7,d7a2264be1316d616a9fe85b9e5c9dfb432ad2963e3de348f07c3ef46e092f62,c:\Windows\IME\SPTIP.DLL
SPTIP.DLL,122880,3,2756036539,2057-05-02T13:42:19.000Z,imports,user32.dll,SendInput,f84a497a0e05969525d81ae3d63ae1c7,d7a2264be1316d616a9fe85b9e5c9dfb432ad2963e3de348f07c3ef46e092f62,c:\Windows\IME\SPTIP.DLL
SPTIP.DLL,122880,3,2756036539,2057-05-02T13:42:19.000Z,imports,user32.dll,SetTimer,f84a497a0e05969525d81ae3d63ae1c7,d7a2264be1316d616a9fe85b9e5c9dfb432ad2963e3de348f07c3ef46e092f62,c:\Windows\IME\SPTIP.DLL
SPTIP.DLL,122880,3,2756036539,2057-05-02T13:42:19.000Z,imports,user32.dll,SetWinEventHook,f84a497a0e05969525d81ae3d63ae1c7,d7a2264be1316d616a9fe85b9e5c9dfb432ad2963e3de348f07c3ef46e092f62,c:\Windows\IME\SPTIP.DLL
SPTIP.DLL,122880,3,2756036539,2057-05-02T13:42:19.000Z,imports,user32.dll,SetWindowLongW,f84a497a0e05969525d81ae3d63ae1c7,d7a2264be1316d616a9fe85b9e5c9dfb432ad2963e3de348f07c3ef46e092f62,c:\Windows\IME\SPTIP.DLL
SPTIP.DLL,122880,3,2756036539,2057-05-02T13:42:19.000Z,imports,user32.dll,UnhookWinEvent,f84a497a0e05969525d81ae3d63ae1c7,d7a2264be1316d616a9fe85b9e5c9dfb432ad2963e3de348f07c3ef46e092f62,c:\Windows\IME\SPTIP.DLL
SPTIP.DLL,122880,3,2756036539,2057-05-02T13:42:19.000Z,imports,user32.dll,UnregisterClassA,f84a497a0e05969525d81ae3d63ae1c7,d7a2264be1316d616a9fe85b9e5c9dfb432ad2963e3de348f07c3ef46e092f62,c:\Windows\IME\SPTIP.DLL
SPTIP.DLL,122880,3,2756036539,2057-05-02T13:42:19.000Z,imports,user32.dll,UnregisterClassW,f84a497a0e05969525d81ae3d63ae1c7,d7a2264be1316d616a9fe85b9e5c9dfb432ad2963e3de348f07c3ef46e092f62,c:\Windows\IME\SPTIP.DLL
SPTIP.DLL,122880,3,2756036539,2057-05-02T13:42:19.000Z,imports,user32.dll,wvsprintfW,f84a497a0e05969525d81ae3d63ae1c7,d7a2264be1316d616a9fe85b9e5c9dfb432ad2963e3de348f07c3ef46e092f62,c:\Windows\IME\SPTIP.DLL
SPTIP.DLL,122880,3,2756036539,2057-05-02T13:42:19.000Z,imports,kernel32.dll,CloseHandle,f84a497a0e05969525d81ae3d63ae1c7,d7a2264be1316d616a9fe85b9e5c9dfb432ad2963e3de348f07c3ef46e092f62,c:\Windows\IME\SPTIP.DLL
SPTIP.DLL,122880,3,2756036539,2057-05-02T13:42:19.000Z,imports,kernel32.dll,CompareStringOrdinal,f84a497a0e05969525d81ae3d63ae1c7,d7a2264be1316d616a9fe85b9e5c9dfb432ad2963e3de348f07c3ef46e092f62,c:\Windows\IME\SPTIP.DLL
SPTIP.DLL,122880,3,2756036539,2057-05-02T13:42:19.000Z,imports,kernel32.dll,CreateMutexW,f84a497a0e05969525d81ae3d63ae1c7,d7a2264be1316d616a9fe85b9e5c9dfb432ad2963e3de348f07c3ef46e092f62,c:\Windows\IME\SPTIP.DLL
SPTIP.DLL,122880,3,2756036539,2057-05-02T13:42:19.000Z,imports,kernel32.dll,DeleteCriticalSection,f84a497a0e05969525d81ae3d63ae1c7,d7a2264be1316d616a9fe85b9e5c9dfb432ad2963e3de348f07c3ef46e092f62,c:\Windows\IME\SPTIP.DLL
SPTIP.DLL,122880,3,2756036539,2057-05-02T13:42:19.000Z,imports,kernel32.dll,DisableThreadLibraryCalls,f84a497a0e05969525d81ae3d63ae1c7,d7a2264be1316d616a9fe85b9e5c9dfb432ad2963e3de348f07c3ef46e092f62,c:\Windows\IME\SPTIP.DLL
SPTIP.DLL,122880,3,2756036539,2057-05-02T13:42:19.000Z,imports,kernel32.dll,EnterCriticalSection,f84a497a0e05969525d81ae3d63ae1c7,d7a2264be1316d616a9fe85b9e5c9dfb432ad2963e3de348f07c3ef46e092f62,c:\Windows\IME\SPTIP.DLL
SPTIP.DLL,122880,3,2756036539,2057-05-02T13:42:19.000Z,imports,kernel32.dll,FileTimeToSystemTime,f84a497a0e05969525d81ae3d63ae1c7,d7a2264be1316d616a9fe85b9e5c9dfb432ad2963e3de348f07c3ef46e092f62,c:\Windows\IME\SPTIP.DLL
SPTIP.DLL,122880,3,2756036539,2057-05-02T13:42:19.000Z,imports,kernel32.dll,FindResourceExW,f84a497a0e05969525d81ae3d63ae1c7,d7a2264be1316d616a9fe85b9e5c9dfb432ad2963e3de348f07c3ef46e092f62,c:\Windows\IME\SPTIP.DLL
SPTIP.DLL,122880,3,2756036539,2057-05-02T13:42:19.000Z,imports,kernel32.dll,FreeLibrary,f84a497a0e05969525d81ae3d63ae1c7,d7a2264be1316d616a9fe85b9e5c9dfb432ad2963e3de348f07c3ef46e092f62,c:\Windows\IME\SPTIP.DLL
SPTIP.DLL,122880,3,2756036539,2057-05-02T13:42:19.000Z,imports,kernel32.dll,GetCurrentProcess,f84a497a0e05969525d81ae3d63ae1c7,d7a2264be1316d616a9fe85b9e5c9dfb432ad2963e3de348f07c3ef46e092f62,c:\Windows\IME\SPTIP.DLL
SPTIP.DLL,122880,3,2756036539,2057-05-02T13:42:19.000Z,imports,kernel32.dll,GetCurrentProcessId,f84a497a0e05969525d81ae3d63ae1c7,d7a2264be1316d616a9fe85b9e5c9dfb432ad2963e3de348f07c3ef46e092f62,c:\Windows\IME\SPTIP.DLL
SPTIP.DLL,122880,3,2756036539,2057-05-02T13:42:19.000Z,imports,kernel32.dll,GetCurrentThreadId,f84a497a0e05969525d81ae3d63ae1c7,d7a2264be1316d616a9fe85b9e5c9dfb432ad2963e3de348f07c3ef46e092f62,c:\Windows\IME\SPTIP.DLL
SPTIP.DLL,122880,3,2756036539,2057-05-02T13:42:19.000Z,imports,kernel32.dll,GetLastError,f84a497a0e05969525d81ae3d63ae1c7,d7a2264be1316d616a9fe85b9e5c9dfb432ad2963e3de348f07c3ef46e092f62,c:\Windows\IME\SPTIP.DLL
SPTIP.DLL,122880,3,2756036539,2057-05-02T13:42:19.000Z,imports,kernel32.dll,GetLocalTime,f84a497a0e05969525d81ae3d63ae1c7,d7a2264be1316d616a9fe85b9e5c9dfb432ad2963e3de348f07c3ef46e092f62,c:\Windows\IME\SPTIP.DLL
SPTIP.DLL,122880,3,2756036539,2057-05-02T13:42:19.000Z,imports,kernel32.dll,GetModuleFileNameW,f84a497a0e05969525d81ae3d63ae1c7,d7a2264be1316d616a9fe85b9e5c9dfb432ad2963e3de348f07c3ef46e092f62,c:\Windows\IME\SPTIP.DLL
SPTIP.DLL,122880,3,2756036539,2057-05-02T13:42:19.000Z,imports,kernel32.dll,GetModuleHandleW,f84a497a0e05969525d81ae3d63ae1c7,d7a2264be1316d616a9fe85b9e5c9dfb432ad2963e3de348f07c3ef46e092f62,c:\Windows\IME\SPTIP.DLL
SPTIP.DLL,122880,3,2756036539,2057-05-02T13:42:19.000Z,imports,kernel32.dll,GetProcAddress,f84a497a0e05969525d81ae3d63ae1c7,d7a2264be1316d616a9fe85b9e5c9dfb432ad2963e3de348f07c3ef46e092f62,c:\Windows\IME\SPTIP.DLL
SPTIP.DLL,122880,3,2756036539,2057-05-02T13:42:19.000Z,imports,kernel32.dll,GetProcessHeap,f84a497a0e05969525d81ae3d63ae1c7,d7a2264be1316d616a9fe85b9e5c9dfb432ad2963e3de348f07c3ef46e092f62,c:\Windows\IME\SPTIP.DLL
SPTIP.DLL,122880,3,2756036539,2057-05-02T13:42:19.000Z,imports,kernel32.dll,GetSystemTimeAsFileTime,f84a497a0e05969525d81ae3d63ae1c7,d7a2264be1316d616a9fe85b9e5c9dfb432ad2963e3de348f07c3ef46e092f62,c:\Windows\IME\SPTIP.DLL
SPTIP.DLL,122880,3,2756036539,2057-05-02T13:42:19.000Z,imports,kernel32.dll,GetTickCount,f84a497a0e05969525d81ae3d63ae1c7,d7a2264be1316d616a9fe85b9e5c9dfb432ad2963e3de348f07c3ef46e092f62,c:\Windows\IME\SPTIP.DLL
SPTIP.DLL,122880,3,2756036539,2057-05-02T13:42:19.000Z,imports,kernel32.dll,GetUserDefaultLangID,f84a497a0e05969525d81ae3d63ae1c7,d7a2264be1316d616a9fe85b9e5c9dfb432ad2963e3de348f07c3ef46e092f62,c:\Windows\IME\SPTIP.DLL
SPTIP.DLL,122880,3,2756036539,2057-05-02T13:42:19.000Z,imports,kernel32.dll,GetUserDefaultUILanguage,f84a497a0e05969525d81ae3d63ae1c7,d7a2264be1316d616a9fe85b9e5c9dfb432ad2963e3de348f07c3ef46e092f62,c:\Windows\IME\SPTIP.DLL
SPTIP.DLL,122880,3,2756036539,2057-05-02T13:42:19.000Z,imports,kernel32.dll,HeapAlloc,f84a497a0e05969525d81ae3d63ae1c7,d7a2264be1316d616a9fe85b9e5c9dfb432ad2963e3de348f07c3ef46e092f62,c:\Windows\IME\SPTIP.DLL
SPTIP.DLL,122880,3,2756036539,2057-05-02T13:42:19.000Z,imports,kernel32.dll,HeapDestroy,f84a497a0e05969525d81ae3d63ae1c7,d7a2264be1316d616a9fe85b9e5c9dfb432ad2963e3de348f07c3ef46e092f62,c:\Windows\IME\SPTIP.DLL
SPTIP.DLL,122880,3,2756036539,2057-05-02T13:42:19.000Z,imports,kernel32.dll,HeapFree,f84a497a0e05969525d81ae3d63ae1c7,d7a2264be1316d616a9fe85b9e5c9dfb432ad2963e3de348f07c3ef46e092f62,c:\Windows\IME\SPTIP.DLL
SPTIP.DLL,122880,3,2756036539,2057-05-02T13:42:19.000Z,imports,kernel32.dll,HeapReAlloc,f84a497a0e05969525d81ae3d63ae1c7,d7a2264be1316d616a9fe85b9e5c9dfb432ad2963e3de348f07c3ef46e092f62,c:\Windows\IME\SPTIP.DLL
SPTIP.DLL,122880,3,2756036539,2057-05-02T13:42:19.000Z,imports,kernel32.dll,HeapSize,f84a497a0e05969525d81ae3d63ae1c7,d7a2264be1316d616a9fe85b9e5c9dfb432ad2963e3de348f07c3ef46e092f62,c:\Windows\IME\SPTIP.DLL
SPTIP.DLL,122880,3,2756036539,2057-05-02T13:42:19.000Z,imports,kernel32.dll,InitializeCriticalSection,f84a497a0e05969525d81ae3d63ae1c7,d7a2264be1316d616a9fe85b9e5c9dfb432ad2963e3de348f07c3ef46e092f62,c:\Windows\IME\SPTIP.DLL
SPTIP.DLL,122880,3,2756036539,2057-05-02T13:42:19.000Z,imports,kernel32.dll,LCIDToLocaleName,f84a497a0e05969525d81ae3d63ae1c7,d7a2264be1316d616a9fe85b9e5c9dfb432ad2963e3de348f07c3ef46e092f62,c:\Windows\IME\SPTIP.DLL
SPTIP.DLL,122880,3,2756036539,2057-05-02T13:42:19.000Z,imports,kernel32.dll,LeaveCriticalSection,f84a497a0e05969525d81ae3d63ae1c7,d7a2264be1316d616a9fe85b9e5c9dfb432ad2963e3de348f07c3ef46e092f62,c:\Windows\IME\SPTIP.DLL
SPTIP.DLL,122880,3,2756036539,2057-05-02T13:42:19.000Z,imports,kernel32.dll,LoadLibraryExW,f84a497a0e05969525d81ae3d63ae1c7,d7a2264be1316d616a9fe85b9e5c9dfb432ad2963e3de348f07c3ef46e092f62,c:\Windows\IME\SPTIP.DLL
SPTIP.DLL,122880,3,2756036539,2057-05-02T13:42:19.000Z,imports,kernel32.dll,LoadResource,f84a497a0e05969525d81ae3d63ae1c7,d7a2264be1316d616a9fe85b9e5c9dfb432ad2963e3de348f07c3ef46e092f62,c:\Windows\IME\SPTIP.DLL
SPTIP.DLL,122880,3,2756036539,2057-05-02T13:42:19.000Z,imports,kernel32.dll,LocalFree,f84a497a0e05969525d81ae3d63ae1c7,d7a2264be1316d616a9fe85b9e5c9dfb432ad2963e3de348f07c3ef46e092f62,c:\Windows\IME\SPTIP.DLL
SPTIP.DLL,122880,3,2756036539,2057-05-02T13:42:19.000Z,imports,kernel32.dll,LockResource,f84a497a0e05969525d81ae3d63ae1c7,d7a2264be1316d616a9fe85b9e5c9dfb432ad2963e3de348f07c3ef46e092f62,c:\Windows\IME\SPTIP.DLL
SPTIP.DLL,122880,3,2756036539,2057-05-02T13:42:19.000Z,imports,kernel32.dll,MultiByteToWideChar,f84a497a0e05969525d81ae3d63ae1c7,d7a2264be1316d616a9fe85b9e5c9dfb432ad2963e3de348f07c3ef46e092f62,c:\Windows\IME\SPTIP.DLL
SPTIP.DLL,122880,3,2756036539,2057-05-02T13:42:19.000Z,imports,kernel32.dll,OutputDebugStringA,f84a497a0e05969525d81ae3d63ae1c7,d7a2264be1316d616a9fe85b9e5c9dfb432ad2963e3de348f07c3ef46e092f62,c:\Windows\IME\SPTIP.DLL
SPTIP.DLL,122880,3,2756036539,2057-05-02T13:42:19.000Z,imports,kernel32.dll,QueryPerformanceCounter,f84a497a0e05969525d81ae3d63ae1c7,d7a2264be1316d616a9fe85b9e5c9dfb432ad2963e3de348f07c3ef46e092f62,c:\Windows\IME\SPTIP.DLL
SPTIP.DLL,122880,3,2756036539,2057-05-02T13:42:19.000Z,imports,kernel32.dll,RaiseException,f84a497a0e05969525d81ae3d63ae1c7,d7a2264be1316d616a9fe85b9e5c9dfb432ad2963e3de348f07c3ef46e092f62,c:\Windows\IME\SPTIP.DLL
SPTIP.DLL,122880,3,2756036539,2057-05-02T13:42:19.000Z,imports,kernel32.dll,SetUnhandledExceptionFilter,f84a497a0e05969525d81ae3d63ae1c7,d7a2264be1316d616a9fe85b9e5c9dfb432ad2963e3de348f07c3ef46e092f62,c:\Windows\IME\SPTIP.DLL
SPTIP.DLL,122880,3,2756036539,2057-05-02T13:42:19.000Z,imports,kernel32.dll,SizeofResource,f84a497a0e05969525d81ae3d63ae1c7,d7a2264be1316d616a9fe85b9e5c9dfb432ad2963e3de348f07c3ef46e092f62,c:\Windows\IME\SPTIP.DLL
SPTIP.DLL,122880,3,2756036539,2057-05-02T13:42:19.000Z,imports,kernel32.dll,Sleep,f84a497a0e05969525d81ae3d63ae1c7,d7a2264be1316d616a9fe85b9e5c9dfb432ad2963e3de348f07c3ef46e092f62,c:\Windows\IME\SPTIP.DLL
SPTIP.DLL,122880,3,2756036539,2057-05-02T13:42:19.000Z,imports,kernel32.dll,SystemTimeToFileTime,f84a497a0e05969525d81ae3d63ae1c7,d7a2264be1316d616a9fe85b9e5c9dfb432ad2963e3de348f07c3ef46e092f62,c:\Windows\IME\SPTIP.DLL
SPTIP.DLL,122880,3,2756036539,2057-05-02T13:42:19.000Z,imports,kernel32.dll,TerminateProcess,f84a497a0e05969525d81ae3d63ae1c7,d7a2264be1316d616a9fe85b9e5c9dfb432ad2963e3de348f07c3ef46e092f62,c:\Windows\IME\SPTIP.DLL
SPTIP.DLL,122880,3,2756036539,2057-05-02T13:42:19.000Z,imports,kernel32.dll,TlsAlloc,f84a497a0e05969525d81ae3d63ae1c7,d7a2264be1316d616a9fe85b9e5c9dfb432ad2963e3de348f07c3ef46e092f62,c:\Windows\IME\SPTIP.DLL
SPTIP.DLL,122880,3,2756036539,2057-05-02T13:42:19.000Z,imports,kernel32.dll,TlsFree,f84a497a0e05969525d81ae3d63ae1c7,d7a2264be1316d616a9fe85b9e5c9dfb432ad2963e3de348f07c3ef46e092f62,c:\Windows\IME\SPTIP.DLL
SPTIP.DLL,122880,3,2756036539,2057-05-02T13:42:19.000Z,imports,kernel32.dll,TlsGetValue,f84a497a0e05969525d81ae3d63ae1c7,d7a2264be1316d616a9fe85b9e5c9dfb432ad2963e3de348f07c3ef46e092f62,c:\Windows\IME\SPTIP.DLL
SPTIP.DLL,122880,3,2756036539,2057-05-02T13:42:19.000Z,imports,kernel32.dll,TlsSetValue,f84a497a0e05969525d81ae3d63ae1c7,d7a2264be1316d616a9fe85b9e5c9dfb432ad2963e3de348f07c3ef46e092f62,c:\Windows\IME\SPTIP.DLL
SPTIP.DLL,122880,3,2756036539,2057-05-02T13:42:19.000Z,imports,kernel32.dll,UnhandledExceptionFilter,f84a497a0e05969525d81ae3d63ae1c7,d7a2264be1316d616a9fe85b9e5c9dfb432ad2963e3de348f07c3ef46e092f62,c:\Windows\IME\SPTIP.DLL
SPTIP.DLL,122880,3,2756036539,2057-05-02T13:42:19.000Z,imports,kernel32.dll,lstrcmpiW,f84a497a0e05969525d81ae3d63ae1c7,d7a2264be1316d616a9fe85b9e5c9dfb432ad2963e3de348f07c3ef46e092f62,c:\Windows\IME\SPTIP.DLL
SPTIP.DLL,122880,3,2756036539,2057-05-02T13:42:19.000Z,imports,advapi32.dll,GetTraceEnableFlags,f84a497a0e05969525d81ae3d63ae1c7,d7a2264be1316d616a9fe85b9e5c9dfb432ad2963e3de348f07c3ef46e092f62,c:\Windows\IME\SPTIP.DLL
SPTIP.DLL,122880,3,2756036539,2057-05-02T13:42:19.000Z,imports,advapi32.dll,GetTraceEnableLevel,f84a497a0e05969525d81ae3d63ae1c7,d7a2264be1316d616a9fe85b9e5c9dfb432ad2963e3de348f07c3ef46e092f62,c:\Windows\IME\SPTIP.DLL
SPTIP.DLL,122880,3,2756036539,2057-05-02T13:42:19.000Z,imports,advapi32.dll,GetTraceLoggerHandle,f84a497a0e05969525d81ae3d63ae1c7,d7a2264be1316d616a9fe85b9e5c9dfb432ad2963e3de348f07c3ef46e092f62,c:\Windows\IME\SPTIP.DLL
SPTIP.DLL,122880,3,2756036539,2057-05-02T13:42:19.000Z,imports,advapi32.dll,RegCloseKey,f84a497a0e05969525d81ae3d63ae1c7,d7a2264be1316d616a9fe85b9e5c9dfb432ad2963e3de348f07c3ef46e092f62,c:\Windows\IME\SPTIP.DLL
SPTIP.DLL,122880,3,2756036539,2057-05-02T13:42:19.000Z,imports,advapi32.dll,RegCreateKeyExW,f84a497a0e05969525d81ae3d63ae1c7,d7a2264be1316d616a9fe85b9e5c9dfb432ad2963e3de348f07c3ef46e092f62,c:\Windows\IME\SPTIP.DLL
SPTIP.DLL,122880,3,2756036539,2057-05-02T13:42:19.000Z,imports,advapi32.dll,RegDeleteValueW,f84a497a0e05969525d81ae3d63ae1c7,d7a2264be1316d616a9fe85b9e5c9dfb432ad2963e3de348f07c3ef46e092f62,c:\Windows\IME\SPTIP.DLL
SPTIP.DLL,122880,3,2756036539,2057-05-02T13:42:19.000Z,imports,advapi32.dll,RegEnumKeyExW,f84a497a0e05969525d81ae3d63ae1c7,d7a2264be1316d616a9fe85b9e5c9dfb432ad2963e3de348f07c3ef46e092f62,c:\Windows\IME\SPTIP.DLL
SPTIP.DLL,122880,3,2756036539,2057-05-02T13:42:19.000Z,imports,advapi32.dll,RegOpenKeyExW,f84a497a0e05969525d81ae3d63ae1c7,d7a2264be1316d616a9fe85b9e5c9dfb432ad2963e3de348f07c3ef46e092f62,c:\Windows\IME\SPTIP.DLL
SPTIP.DLL,122880,3,2756036539,2057-05-02T13:42:19.000Z,imports,advapi32.dll,RegQueryInfoKeyW,f84a497a0e05969525d81ae3d63ae1c7,d7a2264be1316d616a9fe85b9e5c9dfb432ad2963e3de348f07c3ef46e092f62,c:\Windows\IME\SPTIP.DLL
SPTIP.DLL,122880,3,2756036539,2057-05-02T13:42:19.000Z,imports,advapi32.dll,RegQueryValueExW,f84a497a0e05969525d81ae3d63ae1c7,d7a2264be1316d616a9fe85b9e5c9dfb432ad2963e3de348f07c3ef46e092f62,c:\Windows\IME\SPTIP.DLL
SPTIP.DLL,122880,3,2756036539,2057-05-02T13:42:19.000Z,imports,advapi32.dll,RegSetValueExW,f84a497a0e05969525d81ae3d63ae1c7,d7a2264be1316d616a9fe85b9e5c9dfb432ad2963e3de348f07c3ef46e092f62,c:\Windows\IME\SPTIP.DLL
SPTIP.DLL,122880,3,2756036539,2057-05-02T13:42:19.000Z,imports,advapi32.dll,RegisterTraceGuidsW,f84a497a0e05969525d81ae3d63ae1c7,d7a2264be1316d616a9fe85b9e5c9dfb432ad2963e3de348f07c3ef46e092f62,c:\Windows\IME\SPTIP.DLL
SPTIP.DLL,122880,3,2756036539,2057-05-02T13:42:19.000Z,imports,advapi32.dll,TraceMessage,f84a497a0e05969525d81ae3d63ae1c7,d7a2264be1316d616a9fe85b9e5c9dfb432ad2963e3de348f07c3ef46e092f62,c:\Windows\IME\SPTIP.DLL
SPTIP.DLL,122880,3,2756036539,2057-05-02T13:42:19.000Z,imports,advapi32.dll,UnregisterTraceGuids,f84a497a0e05969525d81ae3d63ae1c7,d7a2264be1316d616a9fe85b9e5c9dfb432ad2963e3de348f07c3ef46e092f62,c:\Windows\IME\SPTIP.DLL
SPTIP.DLL,122880,3,2756036539,2057-05-02T13:42:19.000Z,imports,shell32.dll,SHGetFolderPathW,f84a497a0e05969525d81ae3d63ae1c7,d7a2264be1316d616a9fe85b9e5c9dfb432ad2963e3de348f07c3ef46e092f62,c:\Windows\IME\SPTIP.DLL
SPTIP.DLL,122880,3,2756036539,2057-05-02T13:42:19.000Z,imports,shell32.dll,ShellExecuteW,f84a497a0e05969525d81ae3d63ae1c7,d7a2264be1316d616a9fe85b9e5c9dfb432ad2963e3de348f07c3ef46e092f62,c:\Windows\IME\SPTIP.DLL
SPTIP.DLL,122880,3,2756036539,2057-05-02T13:42:19.000Z,imports,ole32.dll,CoCreateInstance,f84a497a0e05969525d81ae3d63ae1c7,d7a2264be1316d616a9fe85b9e5c9dfb432ad2963e3de348f07c3ef46e092f62,c:\Windows\IME\SPTIP.DLL
SPTIP.DLL,122880,3,2756036539,2057-05-02T13:42:19.000Z,imports,ole32.dll,CoTaskMemAlloc,f84a497a0e05969525d81ae3d63ae1c7,d7a2264be1316d616a9fe85b9e5c9dfb432ad2963e3de348f07c3ef46e092f62,c:\Windows\IME\SPTIP.DLL
SPTIP.DLL,122880,3,2756036539,2057-05-02T13:42:19.000Z,imports,ole32.dll,CoTaskMemFree,f84a497a0e05969525d81ae3d63ae1c7,d7a2264be1316d616a9fe85b9e5c9dfb432ad2963e3de348f07c3ef46e092f62,c:\Windows\IME\SPTIP.DLL
SPTIP.DLL,122880,3,2756036539,2057-05-02T13:42:19.000Z,imports,ole32.dll,CoTaskMemRealloc,f84a497a0e05969525d81ae3d63ae1c7,d7a2264be1316d616a9fe85b9e5c9dfb432ad2963e3de348f07c3ef46e092f62,c:\Windows\IME\SPTIP.DLL
SPTIP.DLL,122880,3,2756036539,2057-05-02T13:42:19.000Z,imports,ole32.dll,CreateItemMoniker,f84a497a0e05969525d81ae3d63ae1c7,d7a2264be1316d616a9fe85b9e5c9dfb432ad2963e3de348f07c3ef46e092f62,c:\Windows\IME\SPTIP.DLL
SPTIP.DLL,122880,3,2756036539,2057-05-02T13:42:19.000Z,imports,ole32.dll,GetRunningObjectTable,f84a497a0e05969525d81ae3d63ae1c7,d7a2264be1316d616a9fe85b9e5c9dfb432ad2963e3de348f07c3ef46e092f62,c:\Windows\IME\SPTIP.DLL
SPTIP.DLL,122880,3,2756036539,2057-05-02T13:42:19.000Z,imports,ole32.dll,StringFromGUID2,f84a497a0e05969525d81ae3d63ae1c7,d7a2264be1316d616a9fe85b9e5c9dfb432ad2963e3de348f07c3ef46e092f62,c:\Windows\IME\SPTIP.DLL
SPTIP.DLL,122880,3,2756036539,2057-05-02T13:42:19.000Z,imports,ntdll.dll,ShipAssert,f84a497a0e05969525d81ae3d63ae1c7,d7a2264be1316d616a9fe85b9e5c9dfb432ad2963e3de348f07c3ef46e092f62,c:\Windows\IME\SPTIP.DLL
SPTIP.DLL,122880,3,2756036539,2057-05-02T13:42:19.000Z,imports,shlwapi.dll,PathFindFileNameW,f84a497a0e05969525d81ae3d63ae1c7,d7a2264be1316d616a9fe85b9e5c9dfb432ad2963e3de348f07c3ef46e092f62,c:\Windows\IME\SPTIP.DLL
SPTIP.DLL,122880,3,2756036539,2057-05-02T13:42:19.000Z,exports,SPTIP.DLL,DllCanUnloadNow,f84a497a0e05969525d81ae3d63ae1c7,d7a2264be1316d616a9fe85b9e5c9dfb432ad2963e3de348f07c3ef46e092f62,c:\Windows\IME\SPTIP.DLL
SPTIP.DLL,122880,3,2756036539,2057-05-02T13:42:19.000Z,exports,SPTIP.DLL,DllGetClassObject,f84a497a0e05969525d81ae3d63ae1c7,d7a2264be1316d616a9fe85b9e5c9dfb432ad2963e3de348f07c3ef46e092f62,c:\Windows\IME\SPTIP.DLL
SPTIP.DLL,122880,3,2756036539,2057-05-02T13:42:19.000Z,exports,SPTIP.DLL,DllRegisterServer,f84a497a0e05969525d81ae3d63ae1c7,d7a2264be1316d616a9fe85b9e5c9dfb432ad2963e3de348f07c3ef46e092f62,c:\Windows\IME\SPTIP.DLL
SPTIP.DLL,122880,3,2756036539,2057-05-02T13:42:19.000Z,exports,SPTIP.DLL,DllUnregisterServer,f84a497a0e05969525d81ae3d63ae1c7,d7a2264be1316d616a9fe85b9e5c9dfb432ad2963e3de348f07c3ef46e092f62,c:\Windows\IME\SPTIP.DLL
