System.Numerics.Vectors.dll,31136,3,1551508471,2019-03-02T06:34:31.000Z,imports,mscoree.dll,_CorDllMain,954fc3b21e8537ea84ae15c2b09c6af9,8e0ad36facc0bedf9ad9685f72dba3070c8604a688162a0854f5af45b6d4335e,c:\Windows\Microsoft.NET\Framework64\v4.0.30319\System.Numerics.Vectors.dll
