System.Threading.Tasks.dll,30112,3,1551509321,2019-03-02T06:48:41.000Z,imports,mscoree.dll,_CorDllMain,bd4ff73c86dc9db3db78568d2711818e,343c98fe813bcc10d509e7baef0ed008c832cd5c74d0f1bb5bcb2f4b11c72088,c:\Windows\Microsoft.NET\Framework64\v4.0.30319\System.Threading.Tasks.dll
